$GPGGA,000039.00,2813.3383618,N,11259.4842553,E,1,12,0.9,71.0968,M,-16.713,M,,*49
$GPGSV,1,1,00,,,,,,,,,,,,,,,,*79
$BDGSV,4,1,16,147,69,131,41,150,39,217,41,153,26,134,41,145,23,251,41*6C
$BDGSV,4,2,16,141,44,126,41,142,45,231,41,143,59,185,41,144,31,112,41*69
$BDGSV,4,3,16,188,70,352,41,159,15,045,41,169,79,184,41,170,24,147,41*6D
$BDGSV,4,4,16,175,35,317,41,178,55,006,41,179,26,160,41,180,33,185,41*6E
$GPGGA,000040.00,2813.3383535,N,11259.4840866,E,1,12,0.9,71.4971,M,-16.713,M,,*4E
$GPGSV,1,1,00,,,,,,,,,,,,,,,,*79
$BDGSV,4,1,16,147,69,131,41,150,39,217,41,153,26,134,42,145,23,251,41*6F
$BDGSV,4,2,16,141,44,126,41,142,45,231,41,143,59,185,41,144,31,112,41*69
$BDGSV,4,3,16,188,70,352,41,159,15,045,41,169,79,184,41,170,24,147,41*6D
$BDGSV,4,4,16,175,35,317,41,178,55,006,41,179,26,160,41,180,33,185,41*6E
$GPGGA,000041.00,2813.3384927,N,11259.4840288,E,1,12,0.9,71.7182,M,-16.713,M,,*4A
$GPGSV,1,1,00,,,,,,,,,,,,,,,,*79
$BDGSV,4,1,16,147,69,131,41,150,39,217,41,153,26,134,41,145,23,251,41*6C
$BDGSV,4,2,16,141,44,126,41,142,45,231,41,143,59,185,41,144,31,112,41*69
$BDGSV,4,3,16,188,70,352,41,159,15,045,41,169,79,184,41,170,24,147,42*6E
$BDGSV,4,4,16,175,35,317,42,178,55,006,41,179,26,160,41,180,33,185,41*6D
$GPGGA,000042.00,2813.3387453,N,11259.4839148,E,1,12,0.9,71.5872,M,-16.713,M,,*41
$GPGSV,1,1,00,,,,,,,,,,,,,,,,*79
$BDGSV,4,1,16,147,69,131,41,150,39,217,41,153,26,134,41,145,23,251,41*6C
$BDGSV,4,2,16,141,44,126,41,142,45,231,41,143,59,185,41,144,31,112,41*69
$BDGSV,4,3,16,188,70,352,41,159,15,045,41,169,79,184,41,170,24,147,41*6D
$BDGSV,4,4,16,175,35,317,41,178,55,006,41,179,26,160,41,180,33,185,41*6E
$GPGGA,000043.00,2813.3388774,N,11259.4839044,E,1,12,0.9,71.4495,M,-16.713,M,,*40
$GPGSV,1,1,00,,,,,,,,,,,,,,,,*79
$BDGSV,5,1,17,147,69,131,41,150,39,217,41,153,26,134,41,145,23,251,41*6C
$BDGSV,5,2,17,141,44,126,41,142,45,231,41,143,59,185,41,144,31,112,41*69
$BDGSV,5,3,17,148,73,162,41,188,70,352,41,159,15,045,41,169,79,184,41*63
$BDGSV,5,4,17,170,24,147,41,175,35,317,41,178,55,006,41,179,26,160,41*69
$BDGSV,5,5,17,180,33,185,41,,,,,,,,,,,,*6E
$GPGGA,000044.00,2813.3388746,N,11259.4839075,E,1,12,0.9,71.5725,M,-16.713,M,,*4D
$GPGSV,1,1,00,,,,,,,,,,,,,,,,*79
$BDGSV,5,1,17,147,69,131,41,150,39,217,41,153,26,134,41,145,23,251,41*6C
$BDGSV,5,2,17,141,44,126,41,142,45,231,41,143,59,185,41,144,31,112,41*69
$BDGSV,5,3,17,148,73,162,41,188,70,352,41,159,15,045,41,169,79,184,41*63
$BDGSV,5,4,17,170,24,147,41,175,35,317,41,178,55,006,42,179,26,160,41*6A
$BDGSV,5,5,17,180,33,185,41,,,,,,,,,,,,*6E
$GPGGA,000045.00,2813.3389879,N,11259.4840935,E,1,15,0.9,71.8084,M,-16.713,M,,*4B
$GPGSV,1,1,00,,,,,,,,,,,,,,,,*79
$BDGSV,5,1,17,147,69,131,41,150,42,213,41,153,49,320,42,145,23,251,41*69
$BDGSV,5,2,17,141,44,126,41,142,45,231,41,143,59,185,41,144,31,112,41*69
$BDGSV,5,3,17,148,73,162,41,188,70,352,41,159,63,273,41,169,79,184,41*65
$BDGSV,5,4,17,170,24,147,41,175,35,317,41,178,55,006,41,179,26,160,41*69
$BDGSV,5,5,17,180,33,185,41,,,,,,,,,,,,*6E
$GPGGA,000046.00,2813.3391438,N,11259.4844011,E,1,17,0.8,71.8063,M,-16.713,M,,*49
$GPGSV,1,1,00,,,,,,,,,,,,,,,,*79
$BDGSV,5,1,18,147,69,131,41,150,42,213,41,153,49,320,41,145,23,251,41*65
$BDGSV,5,2,18,141,44,126,41,142,45,231,41,143,59,185,41,144,31,112,41*66
$BDGSV,5,3,18,148,52,342,41,188,70,352,41,159,63,273,41,160,52,026,41*60
$BDGSV,5,4,18,169,79,184,41,170,24,147,41,175,35,317,41,178,55,006,41*67
$BDGSV,5,5,18,179,26,160,41,180,33,185,41,,,,,,,,*68
$GPGGA,000047.00,2813.3392462,N,11259.4846202,E,1,17,0.8,71.8246,M,-16.713,M,,*43
$GPGSV,1,1,00,,,,,,,,,,,,,,,,*79
$BDGSV,5,1,18,147,69,131,41,150,42,213,41,153,49,320,41,145,23,251,41*65
$BDGSV,5,2,18,141,44,126,41,142,45,231,41,143,59,185,41,144,31,112,41*66
$BDGSV,5,3,18,148,52,342,41,188,70,352,41,159,63,273,41,160,52,026,41*60
$BDGSV,5,4,18,169,79,184,41,170,24,147,41,175,35,317,41,178,55,006,41*67
$BDGSV,5,5,18,179,26,160,41,180,33,185,41,,,,,,,,*68
$GPGGA,000048.00,2813.3393134,N,11259.4847720,E,1,17,0.8,71.8302,M,-16.713,M,,*4E
$GPGSV,1,1,00,,,,,,,,,,,,,,,,*79
$BDGSV,5,1,18,147,69,131,41,150,42,213,41,153,49,320,41,145,23,251,41*65
$BDGSV,5,2,18,141,44,126,41,142,45,231,41,143,59,185,41,144,31,112,41*66
$BDGSV,5,3,18,148,52,342,41,188,70,352,41,159,63,273,41,160,52,026,41*60
$BDGSV,5,4,18,169,79,184,41,170,24,147,41,175,35,317,41,178,55,006,41*67
$BDGSV,5,5,18,179,26,160,41,180,33,185,41,,,,,,,,*68
$GPGGA,000049.00,2813.3393607,N,11259.4848702,E,1,17,0.8,71.7616,M,-16.713,M,,*48
$GPGSV,1,1,00,,,,,,,,,,,,,,,,*79
$BDGSV,5,1,18,147,69,131,42,150,42,213,42,153,49,320,41,145,23,251,41*65
$BDGSV,5,2,18,141,44,126,41,142,45,231,41,143,59,185,41,144,31,112,42*65
$BDGSV,5,3,18,148,52,342,41,188,70,352,41,159,63,273,41,160,52,026,42*63
$BDGSV,5,4,18,169,79,184,41,170,24,147,42,175,35,317,41,178,55,006,41*64
$BDGSV,5,5,18,179,26,160,41,180,33,185,42,,,,,,,,*6B
$GPGGA,000050.00,2813.3394008,N,11259.4849561,E,1,17,0.8,71.6966,M,-16.713,M,,*41
$GPGSV,1,1,00,,,,,,,,,,,,,,,,*79
$BDGSV,5,1,18,147,69,131,41,150,42,213,41,153,49,320,41,145,23,251,41*65
$BDGSV,5,2,18,141,44,126,41,142,45,231,41,143,59,185,41,144,31,112,41*66
$BDGSV,5,3,18,148,52,342,41,188,70,352,41,159,63,273,42,160,52,026,41*63
$BDGSV,5,4,18,169,79,184,41,170,24,147,41,175,35,317,41,178,55,006,41*67
$BDGSV,5,5,18,179,26,160,41,180,33,185,41,,,,,,,,*68
$GPGGA,000051.00,2813.3394334,N,11259.4850230,E,1,17,0.8,71.6033,M,-16.713,M,,*4E
$GPGSV,1,1,00,,,,,,,,,,,,,,,,*79
$BDGSV,5,1,18,147,69,131,41,150,42,213,41,153,49,320,41,145,23,251,41*65
$BDGSV,5,2,18,141,44,126,41,142,45,231,41,143,59,185,41,144,31,112,41*66
$BDGSV,5,3,18,148,52,342,41,188,70,352,41,159,63,273,41,160,52,026,41*60
$BDGSV,5,4,18,169,79,184,41,170,24,147,41,175,35,317,41,178,55,006,41*67
$BDGSV,5,5,18,179,26,160,41,180,33,185,41,,,,,,,,*68
$GPGGA,000052.00,2813.3394554,N,11259.4850838,E,1,17,0.8,71.5686,M,-16.713,M,,*44
$GPGSV,1,1,00,,,,,,,,,,,,,,,,*79
$BDGSV,5,1,18,147,69,131,41,150,42,213,41,153,49,320,41,145,23,251,41*65
$BDGSV,5,2,18,141,44,126,41,142,45,231,41,143,59,185,41,144,31,112,41*66
$BDGSV,5,3,18,148,52,342,41,188,70,352,41,159,63,273,41,160,52,026,41*60
$BDGSV,5,4,18,169,79,184,41,170,24,147,41,175,35,317,41,178,55,006,41*67
$BDGSV,5,5,18,179,26,160,41,180,33,185,41,,,,,,,,*68
$GPGGA,000053.00,2813.3394866,N,11259.4851282,E,1,17,0.8,71.4958,M,-16.713,M,,*4E
$GPGSV,1,1,00,,,,,,,,,,,,,,,,*79
$BDGSV,5,1,18,147,69,131,41,150,42,213,41,153,49,320,41,145,23,251,41*65
$BDGSV,5,2,18,141,44,126,41,142,45,231,41,143,59,185,41,144,31,112,41*66
$BDGSV,5,3,18,148,52,342,41,188,70,352,41,159,63,273,41,160,52,026,41*60
$BDGSV,5,4,18,169,79,184,41,170,24,147,41,175,35,317,41,178,55,006,41*67
$BDGSV,5,5,18,179,26,160,41,180,33,185,41,,,,,,,,*68
$GPGGA,000054.00,2813.3395008,N,11259.4851141,E,1,17,0.8,71.4672,M,-16.713,M,,*43
$GPGSV,1,1,00,,,,,,,,,,,,,,,,*79
$BDGSV,5,1,18,147,69,131,41,150,42,213,41,153,49,320,42,145,23,251,41*66
$BDGSV,5,2,18,141,44,126,41,142,45,231,41,143,59,185,41,144,31,112,41*66
$BDGSV,5,3,18,148,52,342,41,188,70,352,42,159,63,273,41,160,52,026,41*63
$BDGSV,5,4,18,169,79,184,41,170,24,147,41,175,35,317,41,178,55,006,41*67
$BDGSV,5,5,18,179,26,160,41,180,33,185,41,,,,,,,,*68
$GPGGA,000055.00,2813.3395166,N,11259.4851004,E,1,17,0.8,71.4418,M,-16.713,M,,*45
$GPGSV,1,1,00,,,,,,,,,,,,,,,,*79
$BDGSV,5,1,18,147,69,131,41,150,42,213,41,153,49,320,41,145,23,251,41*65
$BDGSV,5,2,18,141,44,126,41,142,45,231,41,143,59,185,41,144,31,112,41*66
$BDGSV,5,3,18,148,52,342,41,188,70,352,41,159,63,273,41,160,52,026,41*60
$BDGSV,5,4,18,169,79,184,42,170,24,147,41,175,35,317,42,178,55,006,41*67
$BDGSV,5,5,18,179,26,160,41,180,33,185,41,,,,,,,,*68
$GPGGA,000056.00,2813.3395397,N,11259.4850971,E,1,17,0.8,71.4187,M,-16.713,M,,*43
$GPGSV,1,1,00,,,,,,,,,,,,,,,,*79
$BDGSV,5,1,18,147,69,131,41,150,42,213,41,153,49,320,41,145,23,251,41*65
$BDGSV,5,2,18,141,44,126,41,142,45,231,41,143,59,185,41,144,31,112,41*66
$BDGSV,5,3,18,148,52,342,41,188,70,352,41,159,63,273,41,160,52,026,41*60
$BDGSV,5,4,18,169,79,184,41,170,24,147,41,175,35,317,41,178,55,006,41*67
$BDGSV,5,5,18,179,26,160,41,180,33,185,41,,,,,,,,*68
$GPGGA,000057.00,2813.3395394,N,11259.4850783,E,1,17,0.8,71.4984,M,-16.713,M,,*49
$GPGSV,1,1,00,,,,,,,,,,,,,,,,*79
$BDGSV,5,1,18,147,69,131,41,150,42,213,41,153,49,320,41,145,23,251,41*65
$BDGSV,5,2,18,141,44,126,41,142,45,231,41,143,59,185,41,144,31,112,41*66
$BDGSV,5,3,18,148,52,342,41,188,70,352,41,159,63,273,41,160,52,026,41*60
$BDGSV,5,4,18,169,79,184,41,170,24,147,41,175,35,317,41,178,55,006,41*67
$BDGSV,5,5,18,179,26,160,41,180,33,185,41,,,,,,,,*68
$GPGGA,000058.00,2813.3395393,N,11259.4850607,E,1,17,0.8,71.5515,M,-16.713,M,,*49
$GPGSV,1,1,00,,,,,,,,,,,,,,,,*79
$BDGSV,5,1,18,147,69,131,41,150,42,213,41,153,49,320,41,145,23,251,41*65
$BDGSV,5,2,18,141,44,126,41,142,45,231,41,143,59,185,41,144,31,112,41*66
$BDGSV,5,3,18,148,52,342,41,188,70,352,41,159,63,273,41,160,52,026,41*60
$BDGSV,5,4,18,169,79,184,41,170,24,147,41,175,35,317,41,178,55,006,41*67
$BDGSV,5,5,18,179,26,160,41,180,33,185,41,,,,,,,,*68
$GPGGA,000059.00,2813.3395547,N,11259.4850671,E,1,17,0.8,71.5060,M,-16.713,M,,*41
$GPGSV,1,1,00,,,,,,,,,,,,,,,,*79
$BDGSV,5,1,18,147,69,131,41,150,42,213,41,153,49,320,41,145,23,251,41*65
$BDGSV,5,2,18,141,44,126,41,142,45,231,42,143,59,185,41,144,31,112,41*65
$BDGSV,5,3,18,148,52,342,41,188,70,352,41,159,63,273,41,160,52,026,41*60
$BDGSV,5,4,18,169,79,184,41,170,24,147,41,175,35,317,42,178,55,006,42*67
$BDGSV,5,5,18,179,26,160,41,180,33,185,42,,,,,,,,*6B
$GPGGA,000100.00,2813.3395719,N,11259.4850636,E,1,17,0.8,71.4844,M,-16.713,M,,*49
$GPGSV,1,1,00,,,,,,,,,,,,,,,,*79
$BDGSV,5,1,18,147,69,131,41,150,42,213,41,153,49,320,41,145,23,251,42*66
$BDGSV,5,2,18,141,44,126,41,142,45,231,41,143,59,185,41,144,31,112,41*66
$BDGSV,5,3,18,148,52,342,41,188,70,352,41,159,63,273,41,160,52,026,41*60
$BDGSV,5,4,18,169,79,184,41,170,24,147,41,175,35,317,41,178,55,006,41*67
$BDGSV,5,5,18,179,26,160,41,180,33,185,41,,,,,,,,*68
$GPGGA,000101.00,2813.3395658,N,11259.4850390,E,1,17,0.8,71.5328,M,-16.713,M,,*45
$GPGSV,1,1,00,,,,,,,,,,,,,,,,*79
$BDGSV,5,1,18,147,69,131,41,150,42,213,41,153,49,320,41,145,23,251,41*65
$BDGSV,5,2,18,141,44,126,41,142,45,231,41,143,59,185,41,144,31,112,41*66
$BDGSV,5,3,18,148,52,342,41,188,70,352,41,159,63,273,41,160,52,026,41*60
$BDGSV,5,4,18,169,79,184,42,170,24,147,41,175,35,317,41,178,55,006,42*67
$BDGSV,5,5,18,179,26,160,41,180,33,185,41,,,,,,,,*68
$GPGGA,000102.00,2813.3395661,N,11259.4850174,E,1,17,0.8,71.5270,M,-16.713,M,,*48
$GPGSV,1,1,00,,,,,,,,,,,,,,,,*79
$BDGSV,5,1,18,147,69,131,41,150,42,213,41,153,49,320,41,145,23,251,41*65
$BDGSV,5,2,18,141,44,126,41,142,45,231,41,143,59,185,41,144,31,112,41*66
$BDGSV,5,3,18,148,52,342,41,188,70,352,41,159,63,273,41,160,52,026,41*60
$BDGSV,5,4,18,169,79,184,41,170,24,147,41,175,35,317,41,178,55,006,41*67
$BDGSV,5,5,18,179,26,160,41,180,33,185,41,,,,,,,,*68
$GPGGA,000103.00,2813.3395799,N,11259.4850096,E,1,17,0.8,71.4760,M,-16.713,M,,*47
$GPGSV,1,1,00,,,,,,,,,,,,,,,,*79
$BDGSV,5,1,18,147,36,197,41,150,42,213,42,153,49,320,42,145,23,251,41*63
$BDGSV,5,2,18,141,44,126,41,142,45,231,42,143,59,185,41,144,31,112,41*65
$BDGSV,5,3,18,148,52,342,42,188,70,352,41,159,63,273,41,160,52,026,41*63
$BDGSV,5,4,18,169,79,184,41,170,24,147,41,175,35,317,41,178,55,006,41*67
$BDGSV,5,5,18,179,26,160,41,180,33,185,41,,,,,,,,*68
$GPGGA,000104.00,2813.3395820,N,11259.4849987,E,1,17,0.8,71.4727,M,-16.713,M,,*4F
$GPGSV,1,1,00,,,,,,,,,,,,,,,,*79
$BDGSV,5,1,18,147,36,197,41,150,42,213,41,153,49,320,41,145,23,251,41*63
$BDGSV,5,2,18,141,44,126,41,142,45,231,41,143,59,185,41,144,31,112,41*66
$BDGSV,5,3,18,148,52,342,41,188,70,352,41,159,63,273,41,160,52,026,41*60
$BDGSV,5,4,18,169,79,184,41,170,24,147,41,175,35,317,41,178,55,006,41*67
$BDGSV,5,5,18,179,26,160,41,180,33,185,41,,,,,,,,*68
$GPGGA,000105.00,2813.3395823,N,11259.4849938,E,1,17,0.8,71.4758,M,-16.713,M,,*41
$GPGSV,1,1,00,,,,,,,,,,,,,,,,*79
$BDGSV,5,1,18,147,36,197,41,150,42,213,41,153,49,320,41,145,23,251,41*63
$BDGSV,5,2,18,141,44,126,41,142,45,231,41,143,59,185,41,144,31,112,41*66
$BDGSV,5,3,18,148,52,342,41,188,70,352,41,159,63,273,41,160,52,026,41*60
$BDGSV,5,4,18,169,79,184,41,170,24,147,41,175,35,317,41,178,55,006,41*67
$BDGSV,5,5,18,179,26,160,41,180,33,185,41,,,,,,,,*68
$GPGGA,000106.00,2813.3395830,N,11259.4849923,E,1,17,0.8,71.4743,M,-16.713,M,,*40
$GPGSV,1,1,00,,,,,,,,,,,,,,,,*79
$BDGSV,5,1,18,147,36,197,41,150,42,213,42,153,49,320,41,145,23,251,41*60
$BDGSV,5,2,18,141,44,126,41,142,45,231,41,143,59,185,41,144,31,112,41*66
$BDGSV,5,3,18,148,52,342,41,188,70,352,41,159,63,273,41,160,52,026,41*60
$BDGSV,5,4,18,169,79,184,41,170,24,147,41,175,35,317,41,178,55,006,41*67
$BDGSV,5,5,18,179,26,160,41,180,33,185,41,,,,,,,,*68
$GPGGA,000107.00,2813.3395848,N,11259.4849927,E,1,17,0.8,71.4693,M,-16.713,M,,*46
$GPGSV,1,1,00,,,,,,,,,,,,,,,,*79
$BDGSV,5,1,18,147,36,197,41,150,42,213,41,153,49,320,41,145,23,251,41*63
$BDGSV,5,2,18,141,44,126,41,142,45,231,41,143,59,185,41,144,31,112,41*66
$BDGSV,5,3,18,148,52,342,41,188,70,352,41,159,63,273,41,160,52,026,41*60
$BDGSV,5,4,18,169,79,184,41,170,24,147,41,175,35,317,41,178,55,006,41*67
$BDGSV,5,5,18,179,26,160,41,180,33,185,41,,,,,,,,*68
$GPGGA,000108.00,2813.3395857,N,11259.4849930,E,1,17,0.8,71.4658,M,-16.713,M,,*46
$GPGSV,1,1,00,,,,,,,,,,,,,,,,*79
$BDGSV,5,1,18,147,36,197,42,150,42,213,41,153,49,320,41,145,23,251,42*63
$BDGSV,5,2,18,141,44,126,41,142,45,231,41,143,59,185,41,144,31,112,42*65
$BDGSV,5,3,18,148,52,342,41,188,70,352,41,159,63,273,41,160,52,026,41*60
$BDGSV,5,4,18,169,79,184,41,170,24,147,41,175,35,317,42,178,55,006,41*64
$BDGSV,5,5,18,179,26,160,41,180,33,185,41,,,,,,,,*68
$GPGGA,000109.00,2813.3395871,N,11259.4849936,E,1,17,0.8,71.4592,M,-16.713,M,,*40
$GPGSV,1,1,00,,,,,,,,,,,,,,,,*79
$BDGSV,5,1,18,147,36,197,42,150,42,213,41,153,49,320,41,145,23,251,41*60
$BDGSV,5,2,18,141,44,126,42,142,45,231,41,143,59,185,41,144,31,112,41*65
$BDGSV,5,3,18,148,52,342,41,188,70,352,41,159,63,273,41,160,52,026,41*60
$BDGSV,5,4,18,169,79,184,41,170,24,147,41,175,35,317,41,178,55,006,41*67
$BDGSV,5,5,18,179,26,160,41,180,33,185,41,,,,,,,,*68
$GPGGA,000110.00,2813.3395881,N,11259.4849949,E,1,17,0.8,71.4561,M,-16.713,M,,*43
$GPGSV,1,1,00,,,,,,,,,,,,,,,,*79
$BDGSV,5,1,18,147,36,197,41,150,42,213,41,153,49,320,41,145,23,251,41*63
$BDGSV,5,2,18,141,44,126,41,142,45,231,41,143,59,185,41,144,31,112,41*66
$BDGSV,5,3,18,148,52,342,41,188,70,352,41,159,63,273,41,160,52,026,41*60
$BDGSV,5,4,18,169,79,184,41,170,24,147,41,175,35,317,41,178,55,006,41*67
$BDGSV,5,5,18,179,26,160,41,180,33,185,41,,,,,,,,*68
$GPGGA,000111.00,2813.3395883,N,11259.4849934,E,1,17,0.8,71.4595,M,-16.713,M,,*41
$GPGSV,1,1,00,,,,,,,,,,,,,,,,*79
$BDGSV,5,1,18,147,36,197,41,150,42,213,41,153,49,320,41,145,23,251,41*63
$BDGSV,5,2,18,141,44,126,41,142,45,231,41,143,59,185,41,144,31,112,41*66
$BDGSV,5,3,18,148,52,342,41,188,70,352,41,159,63,273,41,160,52,026,41*60
$BDGSV,5,4,18,169,79,184,41,170,24,147,41,175,35,317,41,178,55,006,41*67
$BDGSV,5,5,18,179,26,160,41,180,33,185,41,,,,,,,,*68
$GPGGA,000112.00,2813.3395881,N,11259.4849912,E,1,17,0.8,71.4629,M,-16.713,M,,*40
$GPGSV,1,1,00,,,,,,,,,,,,,,,,*79
$BDGSV,5,1,18,147,36,197,41,150,42,213,41,153,49,320,41,145,23,251,41*63
$BDGSV,5,2,18,141,44,126,41,142,45,231,41,143,59,185,41,144,31,112,41*66
$BDGSV,5,3,18,148,52,342,41,188,70,352,41,159,63,273,42,160,52,026,41*63
$BDGSV,5,4,18,169,79,184,41,170,24,147,41,175,35,317,41,178,55,006,41*67
$BDGSV,5,5,18,179,26,160,41,180,33,185,41,,,,,,,,*68
$GPGGA,000113.00,2813.3395895,N,11259.4849920,E,1,18,0.8,71.4562,M,-16.713,M,,*46
$GPGSV,1,1,00,,,,,,,,,,,,,,,,*79
$BDGSV,5,1,19,147,36,197,41,150,42,213,41,153,49,320,41,145,23,251,41*62
$BDGSV,5,2,19,141,44,126,42,142,45,231,41,143,59,185,41,144,31,112,41*64
$BDGSV,5,3,19,148,52,342,41,156,20,165,41,188,70,352,41,159,63,273,41*67
$BDGSV,5,4,19,160,52,026,41,169,79,184,42,170,24,147,41,175,35,317,41*69
$BDGSV,5,5,19,178,55,006,41,179,26,160,42,180,33,185,41,,,,*67
$GPGGA,000114.00,2813.3395900,N,11259.4849929,E,1,18,0.8,71.4445,M,-16.713,M,,*41
$GPGSV,1,1,00,,,,,,,,,,,,,,,,*79
$BDGSV,5,1,19,147,36,197,41,150,42,213,41,153,49,320,41,145,23,251,41*62
$BDGSV,5,2,19,141,44,126,41,142,45,231,41,143,59,185,41,144,31,112,41*67
$BDGSV,5,3,19,148,52,342,41,156,20,165,41,188,70,352,41,159,63,273,41*67
$BDGSV,5,4,19,160,52,026,41,169,79,184,41,170,24,147,41,175,35,317,41*6A
$BDGSV,5,5,19,178,55,006,41,179,26,160,41,180,33,185,41,,,,*64
$GPGGA,000115.00,2813.3395912,N,11259.4849934,E,1,19,0.8,71.4412,M,-16.713,M,,*4C
$GPGSV,1,1,00,,,,,,,,,,,,,,,,*79
$BDGSV,5,1,19,147,36,197,42,150,42,213,41,153,49,320,41,145,23,251,41*61
$BDGSV,5,2,19,141,44,126,41,142,45,231,41,143,59,185,42,144,31,112,41*64
$BDGSV,5,3,19,148,52,342,41,156,20,165,42,188,70,352,42,159,63,273,41*67
$BDGSV,5,4,19,160,52,026,41,169,79,184,41,170,24,147,41,175,35,317,41*6A
$BDGSV,5,5,19,178,55,006,41,179,26,160,41,180,33,185,41,,,,*64
$GPGGA,000116.00,2813.3395916,N,11259.4849941,E,1,19,0.8,71.4377,M,-16.713,M,,*4D
$GPGSV,1,1,00,,,,,,,,,,,,,,,,*79
$BDGSV,5,1,19,147,36,197,41,150,42,213,41,153,49,320,41,145,23,251,41*62
$BDGSV,5,2,19,141,44,126,41,142,45,231,41,143,59,185,42,144,31,112,41*64
$BDGSV,5,3,19,148,52,342,41,156,20,165,41,188,70,352,41,159,63,273,41*67
$BDGSV,5,4,19,160,52,026,41,169,79,184,41,170,24,147,41,175,35,317,41*6A
$BDGSV,5,5,19,178,55,006,41,179,26,160,41,180,33,185,41,,,,*64
$GPGGA,000117.00,2813.3395932,N,11259.4849966,E,1,19,0.8,71.4289,M,-16.713,M,,*4F
$GPGSV,1,1,00,,,,,,,,,,,,,,,,*79
$BDGSV,5,1,19,147,36,197,41,150,42,213,41,153,49,320,41,145,23,251,41*62
$BDGSV,5,2,19,141,44,126,41,142,45,231,41,143,59,185,41,144,31,112,41*67
$BDGSV,5,3,19,148,52,342,41,156,20,165,41,188,70,352,41,159,63,273,41*67
$BDGSV,5,4,19,160,52,026,41,169,79,184,41,170,24,147,41,175,35,317,41*6A
$BDGSV,5,5,19,178,55,006,41,179,26,160,41,180,33,185,41,,,,*64
$GPGGA,000118.00,2813.3395942,N,11259.4849963,E,1,19,0.8,71.4200,M,-16.713,M,,*43
$GPGSV,1,1,00,,,,,,,,,,,,,,,,*79
$BDGSV,5,1,19,147,36,197,41,150,42,213,41,153,49,320,41,145,23,251,41*62
$BDGSV,5,2,19,141,44,126,41,142,45,231,41,143,59,185,41,144,31,112,41*67
$BDGSV,5,3,19,148,52,342,41,156,20,165,42,188,70,352,41,159,63,273,41*64
$BDGSV,5,4,19,160,52,026,41,169,79,184,41,170,24,147,42,175,35,317,41*69
$BDGSV,5,5,19,178,55,006,41,179,26,160,41,180,33,185,41,,,,*64
$GPGGA,000119.00,2813.3395948,N,11259.4849978,E,1,19,0.8,71.4096,M,-16.713,M,,*4F
$GPGSV,1,1,00,,,,,,,,,,,,,,,,*79
$BDGSV,5,1,19,147,36,197,41,150,42,213,41,153,49,320,41,145,23,251,41*62
$BDGSV,5,2,19,141,44,126,41,142,45,231,41,143,59,185,41,144,31,112,41*67
$BDGSV,5,3,19,148,52,342,41,156,20,165,41,188,70,352,41,159,63,273,41*67
$BDGSV,5,4,19,160,52,026,41,169,79,184,41,170,24,147,41,175,35,317,41*6A
$BDGSV,5,5,19,178,55,006,41,179,26,160,41,180,33,185,41,,,,*64
$GPGGA,000120.00,2813.3395959,N,11259.4850003,E,1,19,0.8,71.3978,M,-16.713,M,,*46
$GPGSV,1,1,00,,,,,,,,,,,,,,,,*79
$BDGSV,5,1,19,147,36,197,41,150,42,213,41,153,49,320,41,145,23,251,41*62
$BDGSV,5,2,19,141,44,126,41,142,45,231,41,143,59,185,41,144,31,112,41*67
$BDGSV,5,3,19,148,52,342,41,156,20,165,41,188,70,352,41,159,63,273,41*67
$BDGSV,5,4,19,160,52,026,41,169,79,184,41,170,24,147,41,175,35,317,41*6A
$BDGSV,5,5,19,178,55,006,41,179,26,160,41,180,33,185,41,,,,*64
$GPGGA,000121.00,2813.3395964,N,11259.4850004,E,1,19,0.8,71.3960,M,-16.713,M,,*47
$GPGSV,1,1,00,,,,,,,,,,,,,,,,*79
$BDGSV,5,1,19,147,36,197,41,150,42,213,41,153,49,320,41,145,23,251,41*62
$BDGSV,5,2,19,141,44,126,41,142,45,231,41,143,59,185,41,144,31,112,41*67
$BDGSV,5,3,19,148,52,342,41,156,20,165,42,188,70,352,41,159,63,273,41*64
$BDGSV,5,4,19,160,52,026,41,169,79,184,41,170,24,147,41,175,35,317,41*6A
$BDGSV,5,5,19,178,55,006,41,179,26,160,41,180,33,185,41,,,,*64
$GPGGA,000122.00,2813.3395970,N,11259.4850001,E,1,19,0.8,71.3943,M,-16.713,M,,*45
$GPGSV,1,1,00,,,,,,,,,,,,,,,,*79
$BDGSV,5,1,19,147,36,197,41,150,42,213,41,153,49,320,41,145,23,251,41*62
$BDGSV,5,2,19,141,44,126,41,142,45,231,41,143,59,185,41,144,31,112,41*67
$BDGSV,5,3,19,148,52,342,41,156,20,165,41,188,70,352,41,159,63,273,41*67
$BDGSV,5,4,19,160,52,026,41,169,79,184,41,170,24,147,41,175,35,317,41*6A
$BDGSV,5,5,19,178,55,006,41,179,26,160,41,180,33,185,41,,,,*64
$GPGGA,000123.00,2813.3395982,N,11259.4850015,E,1,19,0.8,71.3862,M,-16.713,M,,*4E
$GPGSV,1,1,00,,,,,,,,,,,,,,,,*79
$BDGSV,5,1,19,147,36,197,41,150,42,213,41,153,49,320,41,145,23,251,41*62
$BDGSV,5,2,19,141,44,126,41,142,45,231,41,143,59,185,41,144,31,112,41*67
$BDGSV,5,3,19,148,52,342,41,156,20,165,41,188,70,352,41,159,63,273,41*67
$BDGSV,5,4,19,160,52,026,41,169,79,184,41,170,24,147,41,175,35,317,41*6A
$BDGSV,5,5,19,178,55,006,41,179,26,160,41,180,33,185,41,,,,*64
$GPGGA,000124.00,2813.3395977,N,11259.4850025,E,1,19,0.8,71.3764,M,-16.713,M,,*49
$GPGSV,1,1,00,,,,,,,,,,,,,,,,*79
$BDGSV,5,1,19,147,36,197,41,150,42,213,41,153,49,320,42,145,23,251,41*61
$BDGSV,5,2,19,141,44,126,41,142,45,231,41,143,59,185,41,144,31,112,41*67
$BDGSV,5,3,19,148,52,342,41,156,20,165,41,188,70,352,41,159,63,273,41*67
$BDGSV,5,4,19,160,52,026,41,169,79,184,41,170,24,147,41,175,35,317,41*6A
$BDGSV,5,5,19,178,55,006,41,179,26,160,41,180,33,185,41,,,,*64
$GPGGA,000125.00,2813.3395990,N,11259.4850032,E,1,19,0.8,71.3718,M,-16.713,M,,*4C
$GPGSV,1,1,00,,,,,,,,,,,,,,,,*79
$BDGSV,5,1,19,147,36,197,41,150,42,213,41,153,49,320,41,145,23,251,41*62
$BDGSV,5,2,19,141,44,126,41,142,45,231,41,143,59,185,41,144,31,112,41*67
$BDGSV,5,3,19,148,52,342,41,156,20,165,41,188,70,352,41,159,63,273,41*67
$BDGSV,5,4,19,160,52,026,41,169,79,184,41,170,24,147,41,175,35,317,41*6A
$BDGSV,5,5,19,178,55,006,41,179,26,160,41,180,33,185,41,,,,*64
$GPGGA,000126.00,2813.3396009,N,11259.4850015,E,1,19,0.8,71.3641,M,-16.713,M,,*4D
$GPGSV,1,1,00,,,,,,,,,,,,,,,,*79
$BDGSV,5,1,19,147,36,197,41,150,42,213,41,153,49,320,41,145,23,251,41*62
$BDGSV,5,2,19,141,44,126,41,142,45,231,41,143,59,185,41,144,31,112,41*67
$BDGSV,5,3,19,148,52,342,41,156,20,165,41,188,70,352,41,159,63,273,41*67
$BDGSV,5,4,19,160,52,026,41,169,79,184,41,170,24,147,41,175,35,317,41*6A
$BDGSV,5,5,19,178,55,006,41,179,26,160,41,180,33,185,41,,,,*64
$GPGGA,000127.00,2813.3396024,N,11259.4850034,E,1,19,0.8,71.3545,M,-16.713,M,,*47
$GPGSV,1,1,00,,,,,,,,,,,,,,,,*79
$BDGSV,5,1,19,147,36,197,41,150,42,213,41,153,49,320,41,145,23,251,41*62
$BDGSV,5,2,19,141,44,126,41,142,45,231,41,143,59,185,41,144,31,112,42*64
$BDGSV,5,3,19,148,52,342,41,156,20,165,41,188,70,352,41,159,63,273,41*67
$BDGSV,5,4,19,160,52,026,41,169,79,184,41,170,24,147,42,175,35,317,41*69
$BDGSV,5,5,19,178,55,006,41,179,26,160,41,180,33,185,41,,,,*64
$GPGGA,000128.00,2813.3396033,N,11259.4850056,E,1,19,0.8,71.3434,M,-16.713,M,,*4D
$GPGSV,1,1,00,,,,,,,,,,,,,,,,*79
$BDGSV,5,1,19,147,36,197,41,150,42,213,41,153,49,320,41,145,23,251,41*62
$BDGSV,5,2,19,141,44,126,41,142,45,231,41,143,59,185,41,144,31,112,41*67
$BDGSV,5,3,19,148,52,342,41,156,20,165,41,188,70,352,41,159,63,273,41*67
$BDGSV,5,4,19,160,52,026,41,169,79,184,41,170,24,147,41,175,35,317,41*6A
$BDGSV,5,5,19,178,55,006,41,179,26,160,41,180,33,185,41,,,,*64
$GPGGA,000129.00,2813.3396046,N,11259.4850062,E,1,19,0.8,71.3396,M,-16.713,M,,*46
$GPGSV,1,1,00,,,,,,,,,,,,,,,,*79
$BDGSV,5,1,19,147,36,197,41,150,42,213,41,153,49,320,41,145,23,251,41*62
$BDGSV,5,2,19,141,44,126,41,142,45,231,41,143,59,185,41,144,31,112,41*67
$BDGSV,5,3,19,148,52,342,41,156,20,165,41,188,70,352,41,159,63,273,41*67
$BDGSV,5,4,19,160,52,026,41,169,79,184,41,170,24,147,41,175,35,317,41*6A
$BDGSV,5,5,19,178,55,006,41,179,26,160,41,180,33,185,41,,,,*64
$GPGGA,000130.00,2813.3396051,N,11259.4850060,E,1,19,0.8,71.3377,M,-16.713,M,,*45
$GPGSV,1,1,00,,,,,,,,,,,,,,,,*79
$BDGSV,5,1,19,147,36,197,41,150,42,213,41,153,49,320,41,145,23,251,41*62
$BDGSV,5,2,19,141,44,126,41,142,45,231,41,143,59,185,41,144,31,112,41*67
$BDGSV,5,3,19,148,52,342,41,156,20,165,41,188,70,352,41,159,63,273,41*67
$BDGSV,5,4,19,160,52,026,41,169,79,184,41,170,24,147,41,175,35,317,41*6A
$BDGSV,5,5,19,178,55,006,41,179,26,160,41,180,33,185,41,,,,*64
$GPGGA,000131.00,2813.3396049,N,11259.4850075,E,1,19,0.8,71.3300,M,-16.713,M,,*49
$GPGSV,1,1,00,,,,,,,,,,,,,,,,*79
$BDGSV,5,1,19,147,36,197,42,150,42,213,41,153,49,320,42,145,23,251,41*62
$BDGSV,5,2,19,141,44,126,41,142,45,231,41,143,59,185,41,144,31,112,41*67
$BDGSV,5,3,19,148,52,342,41,156,20,165,41,188,70,352,41,159,63,273,41*67
$BDGSV,5,4,19,160,52,026,41,169,79,184,41,170,24,147,41,175,35,317,41*6A
$BDGSV,5,5,19,178,55,006,41,179,26,160,41,180,33,185,41,,,,*64
$GPGGA,000132.00,2813.3396047,N,11259.4850098,E,1,19,0.8,71.3214,M,-16.713,M,,*43
$GPGSV,1,1,00,,,,,,,,,,,,,,,,*79
$BDGSV,5,1,19,147,36,197,41,150,42,213,41,153,49,320,41,145,23,251,41*62
$BDGSV,5,2,19,141,44,126,41,142,45,231,41,143,59,185,41,144,31,112,41*67
$BDGSV,5,3,19,148,52,342,41,156,20,165,41,188,70,352,41,159,63,274,41*60
$BDGSV,5,4,19,160,52,026,41,169,79,184,41,170,24,147,41,175,35,317,41*6A
$BDGSV,5,5,19,178,55,006,41,179,26,160,41,180,33,185,41,,,,*64
$GPGGA,000133.00,2813.3396053,N,11259.4850117,E,1,19,0.8,71.3120,M,-16.713,M,,*45
$GPGSV,1,1,00,,,,,,,,,,,,,,,,*79
$BDGSV,5,1,19,147,36,197,42,150,42,213,41,153,49,320,41,145,23,251,41*61
$BDGSV,5,2,19,141,44,126,41,142,45,231,41,143,59,185,41,144,31,112,41*67
$BDGSV,5,3,19,148,51,342,41,156,20,165,41,188,70,352,41,159,63,274,41*63
$BDGSV,5,4,19,160,52,026,41,169,79,184,41,170,24,147,41,175,35,317,41*6A
$BDGSV,5,5,19,178,55,006,41,179,26,160,41,180,33,185,41,,,,*64
$GPGGA,000134.00,2813.3396069,N,11259.4850123,E,1,19,0.8,71.3064,M,-16.713,M,,*4D
$GPGSV,1,1,00,,,,,,,,,,,,,,,,*79
$BDGSV,5,1,19,147,36,197,41,150,42,213,41,153,49,320,41,145,23,251,41*62
$BDGSV,5,2,19,141,44,126,41,142,45,231,41,143,59,185,41,144,31,112,41*67
$BDGSV,5,3,19,148,51,342,41,156,20,165,41,188,70,352,41,159,63,274,41*63
$BDGSV,5,4,19,160,52,026,41,169,79,184,41,170,24,147,41,175,35,317,41*6A
$BDGSV,5,5,19,178,55,006,41,179,26,160,41,180,33,185,42,,,,*67
$GPGGA,000135.00,2813.3396081,N,11259.4850139,E,1,19,0.8,71.2934,M,-16.713,M,,*4C
$GPGSV,1,1,00,,,,,,,,,,,,,,,,*79
$BDGSV,5,1,19,147,36,197,41,150,42,213,41,153,49,320,41,145,23,251,41*62
$BDGSV,5,2,19,141,44,126,41,142,45,231,42,143,59,185,41,144,31,112,41*64
$BDGSV,5,3,19,148,51,342,41,156,20,165,41,188,70,352,41,159,63,274,41*63
$BDGSV,5,4,19,160,52,026,41,169,79,184,41,170,24,147,41,175,35,317,41*6A
$BDGSV,5,5,19,178,55,006,41,179,26,160,41,180,33,185,41,,,,*64
$GPGGA,000136.00,2813.3396093,N,11259.4850144,E,1,19,0.8,71.2898,M,-16.713,M,,*41
$GPGSV,1,1,00,,,,,,,,,,,,,,,,*79
$BDGSV,5,1,19,147,36,197,41,150,42,213,41,153,49,320,41,145,23,251,41*62
$BDGSV,5,2,19,141,44,126,41,142,45,231,41,143,59,185,41,144,31,112,41*67
$BDGSV,5,3,19,148,51,342,41,156,20,165,41,188,70,352,41,159,63,274,41*63
$BDGSV,5,4,19,160,52,026,41,169,79,184,41,170,24,147,41,175,35,317,41*6A
$BDGSV,5,5,19,178,55,006,41,179,26,160,41,180,33,185,41,,,,*64
$GPGGA,000137.00,2813.3396109,N,11259.4850146,E,1,19,0.8,71.2807,M,-16.713,M,,*46
$GPGSV,1,1,00,,,,,,,,,,,,,,,,*79
$BDGSV,5,1,19,147,36,197,41,150,42,213,41,153,49,320,41,145,23,251,41*62
$BDGSV,5,2,19,141,44,126,41,142,45,231,41,143,59,185,41,144,31,112,41*67
$BDGSV,5,3,19,148,51,342,41,156,20,165,41,188,70,352,41,159,63,274,41*63
$BDGSV,5,4,19,160,52,026,41,169,79,184,41,170,24,147,41,175,35,317,41*6A
$BDGSV,5,5,19,178,55,006,41,179,26,160,41,180,33,185,41,,,,*64
$GPGGA,000138.00,2813.3396124,N,11259.4850165,E,1,19,0.8,71.2710,M,-16.713,M,,*4E
$GPGSV,1,1,00,,,,,,,,,,,,,,,,*79
$BDGSV,5,1,19,147,36,197,41,150,42,213,42,153,49,320,41,145,23,251,42*62
$BDGSV,5,2,19,141,44,126,41,142,45,231,41,143,59,185,41,144,31,112,41*67
$BDGSV,5,3,19,148,51,342,47,156,20,165,41,188,70,352,41,159,63,274,42*66
$BDGSV,5,4,19,160,52,026,41,169,79,184,41,170,24,147,41,175,35,317,41*6A
$BDGSV,5,5,19,178,55,006,41,179,26,160,41,180,33,185,41,,,,*64
$GPGGA,000139.00,2813.3396135,N,11259.4850182,E,1,18,0.8,71.2633,M,-16.713,M,,*47
$GPGSV,1,1,00,,,,,,,,,,,,,,,,*79
$BDGSV,5,1,18,147,36,197,41,150,42,213,41,153,49,320,41,145,23,251,41*63
$BDGSV,5,2,18,141,44,126,41,142,45,231,41,143,59,185,41,144,31,112,41*66
$BDGSV,5,3,18,156,20,165,41,188,70,352,41,159,63,274,41,160,52,026,41*6A
$BDGSV,5,4,18,169,79,184,41,170,24,147,41,175,35,317,41,178,55,006,41*67
$BDGSV,5,5,18,179,26,160,41,180,33,185,41,,,,,,,,*68
$GPGGA,000140.00,2813.3396155,N,11259.4850188,E,1,19,0.8,71.2545,M,-16.713,M,,*46
$GPGSV,1,1,00,,,,,,,,,,,,,,,,*79
$BDGSV,5,1,19,147,36,197,41,150,42,213,41,153,49,320,41,145,23,251,41*62
$BDGSV,5,2,19,141,44,126,41,142,45,231,41,143,59,185,41,144,31,112,41*67
$BDGSV,5,3,19,148,51,342,41,156,20,165,41,188,70,352,41,159,63,274,41*63
$BDGSV,5,4,19,160,52,026,41,169,79,184,41,170,24,147,41,175,35,317,41*6A
$BDGSV,5,5,19,178,55,006,41,179,26,160,41,180,33,185,41,,,,*64
$GPGGA,000141.00,2813.3396154,N,11259.4850202,E,1,19,0.8,71.2490,M,-16.713,M,,*4E
$GPGSV,1,1,00,,,,,,,,,,,,,,,,*79
$BDGSV,5,1,19,147,36,197,41,150,42,213,41,153,49,320,41,145,23,251,41*62
$BDGSV,5,2,19,141,44,126,41,142,45,231,41,143,59,185,41,144,31,112,41*67
$BDGSV,5,3,19,148,51,342,41,156,20,165,41,188,70,352,41,159,63,274,42*60
$BDGSV,5,4,19,160,52,026,41,169,79,184,41,170,24,147,41,175,35,317,41*6A
$BDGSV,5,5,19,178,55,006,41,179,26,160,41,180,33,185,41,,,,*64
$GPGGA,000142.00,2813.3396160,N,11259.4850224,E,1,19,0.8,71.2382,M,-16.713,M,,*4A
$GPGSV,1,1,00,,,,,,,,,,,,,,,,*79
$BDGSV,5,1,19,147,36,197,41,150,42,213,41,153,49,320,41,145,23,251,41*62
$BDGSV,5,2,19,141,44,126,40,142,45,231,41,143,59,185,41,144,31,112,41*66
$BDGSV,5,3,19,148,51,342,41,156,20,165,41,188,70,352,41,159,63,274,41*63
$BDGSV,5,4,19,160,52,026,41,169,79,184,41,170,24,147,41,175,35,317,41*6A
$BDGSV,5,5,19,178,55,006,41,179,26,160,41,180,33,185,41,,,,*64
$GPGGA,000143.00,2813.3396166,N,11259.4850231,E,1,19,0.8,71.2352,M,-16.713,M,,*44
$GPGSV,1,1,00,,,,,,,,,,,,,,,,*79
$BDGSV,5,1,19,147,36,197,41,150,42,213,41,153,49,320,41,145,23,251,41*62
$BDGSV,5,2,19,141,44,126,41,142,45,231,41,143,59,185,41,144,31,112,41*67
$BDGSV,5,3,19,148,51,342,41,156,20,165,41,188,70,352,41,159,63,274,41*63
$BDGSV,5,4,19,160,52,026,41,169,79,184,41,170,24,147,41,175,35,317,41*6A
$BDGSV,5,5,19,178,55,006,41,179,26,160,41,180,33,185,41,,,,*64
$GPGGA,000144.00,2813.3396165,N,11259.4850243,E,1,19,0.8,71.2253,M,-16.713,M,,*45
$GPGSV,1,1,00,,,,,,,,,,,,,,,,*79
$BDGSV,5,1,19,147,36,197,41,150,42,213,41,153,49,320,41,145,23,251,42*61
$BDGSV,5,2,19,141,44,126,41,142,45,231,41,143,59,185,40,144,31,112,41*66
$BDGSV,5,3,19,148,51,342,41,156,20,165,41,188,70,352,41,159,63,274,41*63
$BDGSV,5,4,19,160,52,026,41,169,79,184,41,170,24,147,41,175,35,317,41*6A
$BDGSV,5,5,19,178,55,006,41,179,26,160,41,180,33,185,41,,,,*64
$GPGGA,000145.00,2813.3396175,N,11259.4850265,E,1,19,0.8,71.2164,M,-16.713,M,,*46
$GPGSV,1,1,00,,,,,,,,,,,,,,,,*79
$BDGSV,5,1,19,147,36,197,41,150,42,213,41,153,49,320,41,145,23,251,41*62
$BDGSV,5,2,19,141,44,126,42,142,45,231,41,143,59,185,41,144,31,112,41*64
$BDGSV,5,3,19,148,51,342,41,156,20,165,41,188,70,353,41,159,63,274,41*62
$BDGSV,5,4,19,160,52,026,41,169,79,184,41,170,24,147,41,175,35,317,41*6A
$BDGSV,5,5,19,178,55,006,41,179,26,160,41,180,33,185,41,,,,*64
$GPGGA,000146.00,2813.3396193,N,11259.4850265,E,1,19,0.8,71.2081,M,-16.713,M,,*47
$GPGSV,1,1,00,,,,,,,,,,,,,,,,*79
$BDGSV,5,1,19,147,36,197,41,150,42,213,41,153,49,320,41,145,23,251,41*62
$BDGSV,5,2,19,141,44,126,41,142,45,231,41,143,59,185,41,144,31,112,41*67
$BDGSV,5,3,19,148,51,342,41,156,20,165,41,188,70,353,41,159,63,274,41*62
$BDGSV,5,4,19,160,52,026,41,169,79,184,41,170,24,147,41,175,35,317,41*6A
$BDGSV,5,5,19,178,55,006,41,179,26,160,41,180,33,185,41,,,,*64
$GPGGA,000147.00,2813.3396198,N,11259.4850253,E,1,19,0.8,71.2060,M,-16.713,M,,*47
$GPGSV,1,1,00,,,,,,,,,,,,,,,,*79
$BDGSV,5,1,19,147,36,197,41,150,42,213,41,153,49,320,41,145,23,251,41*62
$BDGSV,5,2,19,141,44,126,41,142,45,231,41,143,59,185,41,144,31,112,41*67
$BDGSV,5,3,19,148,51,342,41,156,20,165,41,188,70,353,41,159,63,274,41*62
$BDGSV,5,4,19,160,52,026,41,169,79,184,41,170,24,147,41,175,35,317,41*6A
$BDGSV,5,5,19,178,55,006,41,179,26,160,41,180,33,185,41,,,,*64
$GPGGA,000148.00,2813.3396207,N,11259.4850252,E,1,19,0.8,71.1954,M,-16.713,M,,*41
$GPGSV,1,1,00,,,,,,,,,,,,,,,,*79
$BDGSV,5,1,19,147,36,197,41,150,42,213,41,153,49,320,42,145,23,251,41*61
$BDGSV,5,2,19,141,44,126,41,142,45,231,41,143,59,185,41,144,31,112,41*67
$BDGSV,5,3,19,148,51,342,41,156,20,165,41,188,70,353,41,159,63,274,41*62
$BDGSV,5,4,19,160,52,026,41,169,79,184,41,170,24,147,42,175,35,317,41*69
$BDGSV,5,5,19,178,55,006,41,179,26,160,41,180,33,185,41,,,,*64
$GPGGA,000149.00,2813.3396201,N,11259.4850259,E,1,19,0.8,71.1839,M,-16.713,M,,*47
$GPGSV,1,1,00,,,,,,,,,,,,,,,,*79
$BDGSV,5,1,19,147,36,197,41,150,42,213,41,153,49,320,41,145,23,251,41*62
$BDGSV,5,2,19,141,44,126,41,142,45,231,41,143,59,185,41,144,31,112,41*67
$BDGSV,5,3,19,148,51,342,41,156,20,165,41,188,70,353,41,159,63,274,41*62
$BDGSV,5,4,19,160,52,026,41,169,79,184,41,170,24,147,41,175,35,317,41*6A
$BDGSV,5,5,19,178,55,006,41,179,26,160,41,180,33,185,41,,,,*64
$GPGGA,000150.00,2813.3396210,N,11259.4850256,E,1,19,0.8,71.1781,M,-16.713,M,,*4C
$GPGSV,1,1,00,,,,,,,,,,,,,,,,*79
$BDGSV,5,1,19,147,36,197,41,150,42,213,41,153,49,320,41,145,23,251,41*62
$BDGSV,5,2,19,141,44,126,41,142,45,231,41,143,59,185,41,144,31,112,41*67
$BDGSV,5,3,19,148,51,342,41,156,20,165,41,188,70,353,41,159,63,274,41*62
$BDGSV,5,4,19,160,52,026,41,169,79,184,41,170,24,147,42,175,35,317,41*69
$BDGSV,5,5,19,178,55,006,41,179,26,160,41,180,33,185,41,,,,*64
$GPGGA,000151.00,2813.3396204,N,11259.4850240,E,1,19,0.8,71.1816,M,-16.713,M,,*4E
$GPGSV,1,1,00,,,,,,,,,,,,,,,,*79
$BDGSV,5,1,19,147,36,197,41,150,42,213,41,153,49,320,41,145,23,251,41*62
$BDGSV,5,2,19,141,44,126,42,142,45,231,41,143,59,185,41,144,31,112,41*64
$BDGSV,5,3,19,148,51,342,41,156,20,165,41,188,70,353,41,159,63,274,41*62
$BDGSV,5,4,19,160,52,026,41,169,79,184,41,170,24,147,41,175,35,317,41*6A
$BDGSV,5,5,19,178,55,006,41,179,26,160,41,180,33,185,41,,,,*64
$GPGGA,000152.00,2813.3396211,N,11259.4850267,E,1,19,0.8,71.1718,M,-16.713,M,,*4D
$GPGSV,1,1,00,,,,,,,,,,,,,,,,*79
$BDGSV,5,1,19,147,36,197,41,150,42,213,41,153,49,320,41,145,23,251,41*62
$BDGSV,5,2,19,141,44,126,41,142,45,231,41,143,59,185,41,144,31,112,41*67
$BDGSV,5,3,19,148,51,342,41,156,20,165,42,188,70,353,41,159,63,274,41*61
$BDGSV,5,4,19,160,52,026,41,169,79,184,41,170,24,147,42,175,35,317,41*69
$BDGSV,5,5,19,178,55,006,41,179,26,160,41,180,33,185,41,,,,*64
$GPGGA,000153.00,2813.3396207,N,11259.4850283,E,1,19,0.8,71.1605,M,-16.713,M,,*4C
$GPGSV,1,1,00,,,,,,,,,,,,,,,,*79
$BDGSV,5,1,19,147,36,197,41,150,42,213,41,153,49,320,41,145,23,251,41*62
$BDGSV,5,2,19,141,44,126,41,142,45,231,41,143,59,185,41,144,31,112,41*67
$BDGSV,5,3,19,148,51,342,41,156,20,165,41,188,70,353,41,159,63,274,41*62
$BDGSV,5,4,19,160,52,026,41,169,79,184,41,170,24,147,41,175,35,317,41*6A
$BDGSV,5,5,19,178,55,006,41,179,26,160,41,180,33,185,41,,,,*64
$GPGGA,000154.00,2813.3396225,N,11259.4850307,E,1,19,0.8,71.1509,M,-16.713,M,,*49
$GPGSV,1,1,00,,,,,,,,,,,,,,,,*79
$BDGSV,5,1,19,147,36,197,41,150,42,213,41,153,49,320,41,145,23,251,41*62
$BDGSV,5,2,19,141,44,126,41,142,45,231,41,143,59,185,41,144,31,112,41*67
$BDGSV,5,3,19,148,51,342,41,156,20,165,41,188,70,353,41,159,63,274,41*62
$BDGSV,5,4,19,160,52,026,41,169,79,184,41,170,24,147,41,175,35,317,41*6A
$BDGSV,5,5,19,178,55,006,41,179,26,160,41,180,33,185,41,,,,*64
$GPGGA,000155.00,2813.3396232,N,11259.4850323,E,1,19,0.8,71.1463,M,-16.713,M,,*45
$GPGSV,1,1,00,,,,,,,,,,,,,,,,*79
$BDGSV,5,1,19,147,36,197,42,150,42,213,41,153,49,320,41,145,23,251,41*61
$BDGSV,5,2,19,141,44,126,41,142,45,231,41,143,59,185,41,144,31,112,41*67
$BDGSV,5,3,19,148,51,342,41,156,20,165,41,188,70,353,41,159,63,274,41*62
$BDGSV,5,4,19,160,52,026,41,169,79,184,41,170,24,147,41,175,35,317,41*6A
$BDGSV,5,5,19,178,55,006,41,179,26,160,41,180,33,185,41,,,,*64
$GPGGA,000156.00,2813.3396243,N,11259.4850339,E,1,19,0.8,71.1370,M,-16.713,M,,*4E
$GPGSV,1,1,00,,,,,,,,,,,,,,,,*79
$BDGSV,5,1,19,147,36,197,41,150,42,213,42,153,49,320,41,145,23,251,41*61
$BDGSV,5,2,19,141,44,126,41,142,45,231,41,143,59,185,41,144,31,112,41*67
$BDGSV,5,3,19,148,51,342,41,156,20,165,41,188,70,353,41,159,63,274,41*62
$BDGSV,5,4,19,160,52,026,41,169,79,184,41,170,24,147,41,175,35,317,41*6A
$BDGSV,5,5,19,178,55,006,41,179,26,160,41,180,33,185,41,,,,*64
$GPGGA,000157.00,2813.3396254,N,11259.4850353,E,1,19,0.8,71.1234,M,-16.713,M,,*44
$GPGSV,1,1,00,,,,,,,,,,,,,,,,*79
$BDGSV,5,1,19,147,36,197,41,150,42,213,41,153,49,320,41,145,23,251,41*62
$BDGSV,5,2,19,141,44,126,41,142,45,231,41,143,59,185,41,144,31,112,41*67
$BDGSV,5,3,19,148,51,342,41,156,20,165,41,188,70,353,41,159,63,274,41*62
$BDGSV,5,4,19,160,52,026,41,169,79,184,41,170,24,147,41,175,35,317,41*6A
$BDGSV,5,5,19,178,55,006,41,179,26,160,41,180,33,185,41,,,,*64
$GPGGA,000158.00,2813.3396273,N,11259.4850361,E,1,19,0.8,71.1148,M,-16.713,M,,*47
$GPGSV,1,1,00,,,,,,,,,,,,,,,,*79
$BDGSV,5,1,19,147,36,197,41,150,42,213,41,153,49,320,41,145,23,251,41*62
$BDGSV,5,2,19,141,44,126,41,142,45,231,41,143,59,185,41,144,31,112,41*67
$BDGSV,5,3,19,148,51,342,41,156,20,165,41,188,70,353,41,159,63,274,41*62
$BDGSV,5,4,19,160,52,026,41,169,79,184,41,170,24,147,41,175,35,317,41*6A
$BDGSV,5,5,19,178,55,006,41,179,26,160,41,180,33,185,41,,,,*64
$GPGGA,000159.00,2813.3396278,N,11259.4850377,E,1,19,0.8,71.1036,M,-16.713,M,,*42
$GPGSV,1,1,00,,,,,,,,,,,,,,,,*79
$BDGSV,5,1,19,147,36,197,41,150,42,213,41,153,49,320,42,145,23,251,41*61
$BDGSV,5,2,19,141,44,126,41,142,45,231,41,143,59,185,41,144,31,112,41*67
$BDGSV,5,3,19,148,51,342,41,156,20,165,41,188,70,353,41,159,63,274,42*61
$BDGSV,5,4,19,160,52,026,42,169,79,184,41,170,24,147,42,175,35,317,41*6A
$BDGSV,5,5,19,178,55,006,41,179,26,160,41,180,33,185,41,,,,*64
$GPGGA,000200.00,2813.3396302,N,11259.4850388,E,1,19,0.8,71.0877,M,-16.713,M,,*4D
$GPGSV,1,1,00,,,,,,,,,,,,,,,,*79
$BDGSV,5,1,19,147,36,197,41,150,42,213,41,153,49,320,41,145,23,251,41*62
$BDGSV,5,2,19,141,44,126,41,142,45,231,41,143,59,185,41,144,31,112,41*67
$BDGSV,5,3,19,148,51,342,41,156,20,165,41,188,70,353,41,159,63,274,41*62
$BDGSV,5,4,19,160,52,026,41,169,79,184,41,170,24,147,41,175,35,317,41*6A
$BDGSV,5,5,19,178,55,006,41,179,26,160,41,180,33,185,41,,,,*64
$GPGGA,000201.00,2813.3396313,N,11259.4850396,E,1,19,0.8,71.0779,M,-16.713,M,,*42
$GPGSV,1,1,00,,,,,,,,,,,,,,,,*79
$BDGSV,5,1,19,147,36,197,41,150,42,213,41,153,49,320,41,145,23,251,41*62
$BDGSV,5,2,19,141,44,126,41,142,45,231,41,143,59,185,41,144,31,112,41*67
$BDGSV,5,3,19,148,51,342,41,156,20,165,41,188,70,353,41,159,63,274,41*62
$BDGSV,5,4,19,160,52,026,41,169,79,184,41,170,24,147,41,175,35,317,41*6A
$BDGSV,5,5,19,178,55,006,41,179,26,160,41,180,33,185,41,,,,*64
$GPGGA,000202.00,2813.3396309,N,11259.4850401,E,1,19,0.8,71.0652,M,-16.713,M,,*4B
$GPGSV,1,1,00,,,,,,,,,,,,,,,,*79
$BDGSV,5,1,19,147,36,197,41,150,42,213,41,153,49,320,41,145,23,251,42*61
$BDGSV,5,2,19,141,44,126,42,142,45,231,41,143,59,185,41,144,31,112,42*67
$BDGSV,5,3,19,148,51,342,41,156,20,165,41,188,70,353,41,159,63,274,41*62
$BDGSV,5,4,19,160,52,026,41,169,79,184,41,170,24,147,41,175,35,317,41*6A
$BDGSV,5,5,19,178,55,006,41,179,26,160,41,180,33,185,42,,,,*67
$GPGGA,000203.00,2813.3396314,N,11259.4850422,E,1,19,0.8,71.0555,M,-16.713,M,,*43
$GPGSV,1,1,00,,,,,,,,,,,,,,,,*79
$BDGSV,5,1,19,147,36,197,41,150,42,213,41,153,49,320,41,145,23,251,41*62
$BDGSV,5,2,19,141,44,126,41,142,45,231,41,143,59,185,41,144,31,112,41*67
$BDGSV,5,3,19,148,51,342,41,156,20,165,41,188,70,353,41,159,63,274,41*62
$BDGSV,5,4,19,160,52,026,41,169,79,184,41,170,24,147,41,175,35,317,41*6A
$BDGSV,5,5,19,178,55,006,41,179,26,160,41,180,33,185,41,,,,*64
$GPGGA,000204.00,2813.3396312,N,11259.4850415,E,1,19,0.8,71.0525,M,-16.713,M,,*41
$GPGSV,1,1,00,,,,,,,,,,,,,,,,*79
$BDGSV,5,1,19,147,36,197,41,150,42,213,41,153,49,320,41,145,23,251,41*62
$BDGSV,5,2,19,141,44,126,41,142,45,231,41,143,59,185,41,144,31,112,41*67
$BDGSV,5,3,19,148,51,342,42,156,20,165,41,188,70,353,41,159,63,274,41*61
$BDGSV,5,4,19,160,52,026,41,169,79,184,41,170,24,147,41,175,35,317,41*6A
$BDGSV,5,5,19,178,55,006,41,179,26,160,41,180,33,185,41,,,,*64
$GPGGA,000205.00,2813.3396321,N,11259.4850427,E,1,19,0.8,71.0399,M,-16.713,M,,*40
$GPGSV,1,1,00,,,,,,,,,,,,,,,,*79
$BDGSV,5,1,19,147,36,197,41,150,42,213,41,153,49,320,41,145,23,251,41*62
$BDGSV,5,2,19,141,44,126,41,142,45,231,41,143,59,185,41,144,31,112,41*67
$BDGSV,5,3,19,148,51,342,41,156,20,165,41,188,70,353,41,159,63,274,41*62
$BDGSV,5,4,19,160,52,026,41,169,79,184,41,170,24,147,41,175,35,317,41*6A
$BDGSV,5,5,19,178,55,006,41,179,26,160,41,180,33,185,41,,,,*64
$GPGGA,000206.00,2813.3396318,N,11259.4850450,E,1,19,0.8,71.0291,M,-16.713,M,,*40
$GPGSV,1,1,00,,,,,,,,,,,,,,,,*79
$BDGSV,5,1,19,147,36,197,41,150,42,213,41,153,49,320,41,145,23,251,41*62
$BDGSV,5,2,19,141,44,126,41,142,45,231,41,143,59,185,41,144,31,112,41*67
$BDGSV,5,3,19,148,51,342,41,156,20,165,41,188,70,353,41,159,63,274,41*62
$BDGSV,5,4,19,160,52,026,41,169,79,184,41,170,24,147,41,175,35,317,41*6A
$BDGSV,5,5,19,178,55,006,41,179,26,160,41,180,32,185,41,,,,*65
$GPGGA,000207.00,2813.3396325,N,11259.4850457,E,1,19,0.8,71.0191,M,-16.713,M,,*4B
$GPGSV,1,1,00,,,,,,,,,,,,,,,,*79
$BDGSV,5,1,19,147,36,197,41,150,42,213,41,153,49,320,41,145,23,251,42*61
$BDGSV,5,2,19,141,44,126,41,142,45,231,41,143,59,185,41,144,31,112,41*67
$BDGSV,5,3,19,148,51,342,41,156,20,165,41,188,70,353,41,159,63,274,41*62
$BDGSV,5,4,19,160,52,026,41,169,79,184,41,170,24,147,41,175,35,317,41*6A
$BDGSV,5,5,19,178,55,006,41,179,26,160,41,180,32,185,41,,,,*65
$GPGGA,000208.00,2813.3396343,N,11259.4850469,E,1,19,0.8,71.0106,M,-16.713,M,,*47
$GPGSV,1,1,00,,,,,,,,,,,,,,,,*79
$BDGSV,5,1,19,147,36,197,41,150,42,213,41,153,49,320,41,145,23,251,41*62
$BDGSV,5,2,19,141,44,126,41,142,45,231,41,143,59,185,41,144,31,112,41*67
$BDGSV,5,3,19,148,51,342,41,156,20,165,41,188,70,353,41,159,63,274,41*62
$BDGSV,5,4,19,160,52,026,41,169,79,184,41,170,24,147,41,175,35,317,41*6A
$BDGSV,5,5,19,178,55,006,41,179,26,160,41,180,32,185,41,,,,*65
$GPGGA,000209.00,2813.3396358,N,11259.4850479,E,1,19,0.8,70.9949,M,-16.713,M,,*46
$GPGSV,1,1,00,,,,,,,,,,,,,,,,*79
$BDGSV,5,1,19,147,36,197,41,150,42,213,41,153,49,320,41,145,23,251,41*62
$BDGSV,5,2,19,141,44,126,41,142,45,231,41,143,59,185,41,144,31,112,41*67
$BDGSV,5,3,19,148,51,342,41,156,20,165,41,188,70,353,41,159,63,274,41*62
$BDGSV,5,4,19,160,52,026,41,169,79,184,41,170,24,147,41,175,35,317,41*6A
$BDGSV,5,5,19,178,55,006,41,179,26,160,41,180,32,185,41,,,,*65
$GPGGA,000210.00,2813.3396363,N,11259.4850499,E,1,19,0.8,70.9849,M,-16.713,M,,*49
$GPGSV,1,1,00,,,,,,,,,,,,,,,,*79
$BDGSV,5,1,19,147,36,197,41,150,42,213,41,153,49,320,41,145,23,251,41*62
$BDGSV,5,2,19,141,44,126,41,142,45,231,41,143,59,185,41,144,31,112,41*67
$BDGSV,5,3,19,148,51,342,41,156,20,165,41,188,70,353,41,159,63,274,41*62
$BDGSV,5,4,19,160,52,026,41,169,79,184,41,170,24,147,41,175,35,317,41*6A
$BDGSV,5,5,19,178,55,006,41,179,26,160,41,180,32,185,41,,,,*65
$GPGGA,000211.00,2813.3396374,N,11259.4850501,E,1,19,0.8,70.9770,M,-16.713,M,,*4B
$GPGSV,1,1,00,,,,,,,,,,,,,,,,*79
$BDGSV,5,1,19,147,36,197,41,150,42,213,41,153,49,320,41,145,23,251,41*62
$BDGSV,5,2,19,141,44,126,41,142,45,231,41,143,59,185,41,144,31,112,41*67
$BDGSV,5,3,19,148,51,342,41,156,20,165,41,188,70,353,41,159,63,274,41*62
$BDGSV,5,4,19,160,52,026,41,169,79,184,41,170,24,147,41,175,35,317,41*6A
$BDGSV,5,5,19,178,55,006,41,179,26,160,41,180,32,185,41,,,,*65
$GPGGA,000212.00,2813.3396370,N,11259.4850521,E,1,19,0.8,70.9666,M,-16.713,M,,*48
$GPGSV,1,1,00,,,,,,,,,,,,,,,,*79
$BDGSV,5,1,19,147,36,197,41,150,42,213,41,153,49,320,42,145,23,251,41*61
$BDGSV,5,2,19,141,44,126,42,142,45,231,41,143,59,185,41,144,31,112,41*64
$BDGSV,5,3,19,148,51,342,41,156,20,165,41,188,70,353,41,159,63,274,41*62
$BDGSV,5,4,19,160,52,026,42,169,79,184,41,170,24,147,41,175,35,317,41*69
$BDGSV,5,5,19,178,55,006,41,179,26,160,42,180,32,185,41,,,,*66
$GPGGA,000213.00,2813.3396370,N,11259.4850541,E,1,19,0.8,70.9619,M,-16.713,M,,*47
$GPGSV,1,1,00,,,,,,,,,,,,,,,,*79
$BDGSV,5,1,19,147,36,197,41,150,42,213,41,153,49,320,41,145,23,251,41*62
$BDGSV,5,2,19,141,44,126,41,142,45,231,41,143,59,185,41,144,31,112,41*67
$BDGSV,5,3,19,148,51,342,41,156,20,165,41,188,70,353,41,159,63,274,41*62
$BDGSV,5,4,19,160,52,026,41,169,79,184,41,170,24,147,41,175,35,317,41*6A
$BDGSV,5,5,19,178,55,006,41,179,26,160,41,180,32,185,41,,,,*65
$GPGGA,000214.00,2813.3396370,N,11259.4850541,E,1,19,0.8,70.9601,M,-16.713,M,,*49
$GPGSV,1,1,00,,,,,,,,,,,,,,,,*79
$BDGSV,5,1,19,147,36,197,41,150,42,213,42,153,49,320,41,145,23,251,41*61
$BDGSV,5,2,19,141,44,126,41,142,45,231,41,143,59,185,41,144,31,112,41*67
$BDGSV,5,3,19,148,51,342,41,156,20,165,42,188,70,353,41,159,63,274,41*61
$BDGSV,5,4,19,160,52,026,41,169,79,184,41,170,24,147,41,175,35,317,41*6A
$BDGSV,5,5,19,178,55,006,41,179,26,160,41,180,32,185,41,,,,*65
$GPGGA,000215.00,2813.3396381,N,11259.4850556,E,1,19,0.8,70.9464,M,-16.713,M,,*41
$GPGSV,1,1,00,,,,,,,,,,,,,,,,*79
$BDGSV,5,1,19,147,36,197,41,150,42,213,41,153,49,320,41,145,23,251,41*62
$BDGSV,5,2,19,141,44,126,41,142,45,231,41,143,59,185,41,144,31,112,41*67
$BDGSV,5,3,19,148,51,342,41,156,20,165,41,188,70,353,41,159,63,274,41*62
$BDGSV,5,4,19,160,52,026,41,169,79,184,41,170,24,147,41,175,35,317,41*6A
$BDGSV,5,5,19,178,55,006,41,179,26,160,41,180,32,185,41,,,,*65
$GPGGA,000216.00,2813.3396377,N,11259.4850574,E,1,19,0.8,70.9372,M,-16.713,M,,*4B
$GPGSV,1,1,00,,,,,,,,,,,,,,,,*79
$BDGSV,5,1,19,147,36,197,41,150,42,213,41,153,49,320,41,145,23,251,41*62
$BDGSV,5,2,19,141,44,126,41,142,45,231,41,143,59,185,41,144,31,112,41*67
$BDGSV,5,3,19,148,51,342,41,156,20,165,41,188,70,353,41,159,63,274,41*62
$BDGSV,5,4,19,160,52,026,41,169,79,184,41,170,24,147,41,175,35,317,41*6A
$BDGSV,5,5,19,178,55,006,41,179,26,160,41,180,32,185,41,,,,*65
$GPGGA,000217.00,2813.3396384,N,11259.4850584,E,1,19,0.8,70.9285,M,-16.713,M,,*40
$GPGSV,1,1,00,,,,,,,,,,,,,,,,*79
$BDGSV,5,1,19,147,36,197,41,150,42,213,41,153,49,320,41,145,23,251,41*62
$BDGSV,5,2,19,141,44,126,41,142,45,231,41,143,59,185,41,144,31,112,41*67
$BDGSV,5,3,19,148,51,342,41,156,20,165,41,188,70,353,41,159,63,274,41*62
$BDGSV,5,4,19,160,52,026,41,169,79,184,41,170,24,147,41,175,35,317,41*6A
$BDGSV,5,5,19,178,55,006,41,179,26,160,41,180,32,185,41,,,,*65
$GPGGA,000218.00,2813.3396391,N,11259.4850596,E,1,19,0.8,70.9248,M,-16.713,M,,*49
$GPGSV,1,1,00,,,,,,,,,,,,,,,,*79
$BDGSV,5,1,19,147,36,197,41,150,42,213,41,153,49,320,41,145,23,251,41*62
$BDGSV,5,2,19,141,44,126,41,142,45,231,41,143,59,185,41,144,31,112,41*67
$BDGSV,5,3,19,148,51,342,41,156,20,165,41,188,70,353,41,159,63,274,41*62
$BDGSV,5,4,19,160,52,026,41,169,79,184,41,170,24,147,41,175,35,317,41*6A
$BDGSV,5,5,19,178,55,006,41,179,26,160,41,180,32,185,41,,,,*65
$GPGGA,000219.00,2813.3396393,N,11259.4850623,E,1,19,0.8,70.9176,M,-16.713,M,,*49
$GPGSV,1,1,00,,,,,,,,,,,,,,,,*79
$BDGSV,5,1,19,147,36,197,41,150,42,213,41,153,49,320,41,145,23,251,41*62
$BDGSV,5,2,19,141,44,126,41,142,45,231,41,143,59,185,41,144,31,112,41*67
$BDGSV,5,3,19,148,51,342,41,156,20,165,41,188,70,353,41,159,63,274,41*62
$BDGSV,5,4,19,160,52,026,41,169,79,184,41,170,24,147,41,175,35,317,41*6A
$BDGSV,5,5,19,178,55,006,42,179,26,160,41,180,32,185,41,,,,*66
$GPGGA,000220.00,2813.3396397,N,11259.4850635,E,1,19,0.8,70.9137,M,-16.713,M,,*45
$GPGSV,1,1,00,,,,,,,,,,,,,,,,*79
$BDGSV,5,1,19,147,36,197,41,150,42,213,41,153,49,320,41,145,23,251,41*62
$BDGSV,5,2,19,141,44,126,41,142,45,231,41,143,59,185,41,144,31,112,41*67
$BDGSV,5,3,19,148,51,342,41,156,20,165,41,188,70,353,41,159,63,274,41*62
$BDGSV,5,4,19,160,52,026,41,169,79,184,41,170,24,147,41,175,35,317,41*6A
$BDGSV,5,5,19,178,55,006,41,179,26,160,41,180,32,185,41,,,,*65
$GPGGA,000221.00,2813.3396401,N,11259.4850639,E,1,19,0.8,70.9165,M,-16.713,M,,*47
$GPGSV,1,1,00,,,,,,,,,,,,,,,,*79
$BDGSV,5,1,19,147,36,197,41,150,42,213,41,153,49,320,41,145,23,251,41*62
$BDGSV,5,2,19,141,44,126,41,142,45,231,41,143,59,185,41,144,31,112,41*67
$BDGSV,5,3,19,148,51,342,42,156,20,165,41,188,70,353,41,159,63,274,41*61
$BDGSV,5,4,19,160,52,026,41,169,79,184,41,170,24,147,41,175,35,317,41*6A
$BDGSV,5,5,19,178,55,006,42,179,26,160,41,180,32,185,41,,,,*66
$GPGGA,000222.00,2813.3396412,N,11259.4850635,E,1,19,0.8,70.9099,M,-16.713,M,,*48
$GPGSV,1,1,00,,,,,,,,,,,,,,,,*79
$BDGSV,5,1,19,147,36,197,41,150,42,213,41,153,49,320,41,145,23,251,41*62
$BDGSV,5,2,19,141,44,126,41,142,45,231,41,143,59,185,41,144,31,112,41*67
$BDGSV,5,3,19,148,51,342,41,156,20,165,41,188,70,353,41,159,63,274,41*62
$BDGSV,5,4,19,160,52,026,41,169,79,184,42,170,24,147,41,175,35,317,41*69
$BDGSV,5,5,19,178,55,006,41,179,26,160,41,180,32,185,41,,,,*65
$GPGGA,000223.00,2813.3396433,N,11259.4850641,E,1,19,0.8,70.8982,M,-16.713,M,,*4B
$GPGSV,1,1,00,,,,,,,,,,,,,,,,*79
$BDGSV,5,1,19,147,36,197,41,150,42,213,41,153,49,320,41,145,23,251,41*62
$BDGSV,5,2,19,141,44,126,41,142,45,231,41,143,59,185,41,144,31,112,41*67
$BDGSV,5,3,19,148,51,342,41,156,20,165,41,188,70,353,41,159,63,274,41*62
$BDGSV,5,4,19,160,52,026,41,169,79,184,41,170,24,147,41,175,35,317,41*6A
$BDGSV,5,5,19,178,55,006,41,179,26,160,41,180,32,185,41,,,,*65
$GPGGA,000224.00,2813.3396435,N,11259.4850636,E,1,19,0.8,70.8961,M,-16.713,M,,*47
$GPGSV,1,1,00,,,,,,,,,,,,,,,,*79
$BDGSV,5,1,19,147,36,197,41,150,42,213,41,153,49,320,41,145,23,251,41*62
$BDGSV,5,2,19,141,44,126,41,142,45,231,41,143,59,185,41,144,31,112,41*67
$BDGSV,5,3,19,148,51,342,41,156,20,165,41,188,70,353,41,159,63,274,41*62
$BDGSV,5,4,19,160,52,026,42,169,79,184,41,170,24,147,41,175,35,317,41*69
$BDGSV,5,5,19,178,55,006,42,179,26,160,41,180,32,185,41,,,,*66
$GPGGA,000225.00,2813.3396437,N,11259.4850651,E,1,19,0.8,70.8950,M,-16.713,M,,*47
$GPGSV,1,1,00,,,,,,,,,,,,,,,,*79
$BDGSV,5,1,19,147,36,197,41,150,42,213,41,153,49,320,41,145,23,251,41*62
$BDGSV,5,2,19,141,44,126,41,142,45,231,42,143,59,185,41,144,31,112,41*64
$BDGSV,5,3,19,148,51,342,41,156,20,165,41,188,70,353,41,159,63,274,41*62
$BDGSV,5,4,19,160,52,026,41,169,79,184,41,170,24,147,41,175,35,317,41*6A
$BDGSV,5,5,19,178,55,006,41,179,26,160,41,180,32,185,41,,,,*65
$GPGGA,000226.00,2813.3396434,N,11259.4850667,E,1,19,0.8,70.8859,M,-16.713,M,,*4A
$GPGSV,1,1,00,,,,,,,,,,,,,,,,*79
$BDGSV,5,1,19,147,36,197,41,150,42,213,41,153,49,320,41,145,23,251,41*62
$BDGSV,5,2,19,141,44,126,41,142,45,231,41,143,59,185,41,144,31,112,41*67
$BDGSV,5,3,19,148,51,342,41,156,20,165,41,188,70,353,41,159,63,274,41*62
$BDGSV,5,4,19,160,52,026,41,169,79,184,41,170,24,147,41,175,35,317,41*6A
$BDGSV,5,5,19,178,55,006,41,179,26,160,41,180,32,185,41,,,,*65
$GPGGA,000227.00,2813.3396435,N,11259.4850671,E,1,19,0.8,70.8836,M,-16.713,M,,*44
$GPGSV,1,1,00,,,,,,,,,,,,,,,,*79
$BDGSV,5,1,19,147,36,197,41,150,42,213,41,153,49,320,41,145,23,251,41*62
$BDGSV,5,2,19,141,44,126,41,142,45,231,41,143,59,185,41,144,31,112,41*67
$BDGSV,5,3,19,148,51,342,41,156,20,165,41,188,70,353,41,159,63,274,41*62
$BDGSV,5,4,19,160,52,026,41,169,79,184,41,170,24,147,41,175,35,317,41*6A
$BDGSV,5,5,19,178,55,006,41,179,26,160,41,180,32,185,41,,,,*65
$GPGGA,000228.00,2813.3396446,N,11259.4850664,E,1,19,0.8,70.8757,M,-16.713,M,,*43
$GPGSV,1,1,00,,,,,,,,,,,,,,,,*79
$BDGSV,5,1,19,147,36,197,41,150,42,213,41,153,49,320,41,145,23,251,41*62
$BDGSV,5,2,19,141,44,126,41,142,45,231,41,143,59,185,41,144,31,112,41*67
$BDGSV,5,3,19,148,51,342,41,156,20,165,41,188,70,353,41,159,63,274,41*62
$BDGSV,5,4,19,160,52,026,41,169,79,184,41,170,24,147,41,175,35,317,41*6A
$BDGSV,5,5,19,178,55,006,41,179,26,160,41,180,32,185,41,,,,*65
$GPGGA,000229.00,2813.3396451,N,11259.4850679,E,1,19,0.8,70.8688,M,-16.713,M,,*4B
$GPGSV,1,1,00,,,,,,,,,,,,,,,,*79
$BDGSV,5,1,19,147,36,197,41,150,42,213,41,153,49,320,41,145,23,251,41*62
$BDGSV,5,2,19,141,44,126,41,142,45,231,41,143,59,185,41,144,31,112,42*64
$BDGSV,5,3,19,148,51,342,41,156,20,165,42,188,70,353,42,159,63,274,42*61
$BDGSV,5,4,19,160,52,026,41,169,79,184,41,170,24,147,41,175,35,317,41*6A
$BDGSV,5,5,19,178,55,006,41,179,26,160,41,180,32,185,41,,,,*65
$GPGGA,000230.00,2813.3396467,N,11259.4850691,E,1,19,0.8,70.8529,M,-16.713,M,,*48
$GPGSV,1,1,00,,,,,,,,,,,,,,,,*79
$BDGSV,5,1,19,147,36,197,41,150,42,213,41,153,49,320,41,145,23,251,41*62
$BDGSV,5,2,19,141,44,126,41,142,45,231,41,143,59,185,41,144,31,112,41*67
$BDGSV,5,3,19,148,51,342,41,156,20,165,41,188,70,353,41,159,63,274,41*62
$BDGSV,5,4,19,160,52,026,41,169,79,184,41,170,24,147,41,175,35,317,41*6A
$BDGSV,5,5,19,178,55,006,41,179,26,160,41,180,32,185,41,,,,*65
$GPGGA,000231.00,2813.3396473,N,11259.4850709,E,1,19,0.8,70.8444,M,-16.713,M,,*46
$GPGSV,1,1,00,,,,,,,,,,,,,,,,*79
$BDGSV,5,1,19,147,36,197,41,150,42,213,41,153,49,320,41,145,23,251,41*62
$BDGSV,5,2,19,141,44,126,41,142,45,231,41,143,59,185,41,144,31,112,41*67
$BDGSV,5,3,19,148,51,342,41,156,20,165,41,188,70,353,41,159,63,274,41*62
$BDGSV,5,4,19,160,52,026,41,169,79,184,41,170,24,147,41,175,35,317,41*6A
$BDGSV,5,5,19,178,55,006,41,179,26,160,41,180,32,185,41,,,,*65
$GPGGA,000232.00,2813.3396470,N,11259.4850728,E,1,19,0.8,70.8383,M,-16.713,M,,*49
$GPGSV,1,1,00,,,,,,,,,,,,,,,,*79
$BDGSV,5,1,19,147,36,197,42,150,42,213,41,153,49,320,41,145,23,251,41*61
$BDGSV,5,2,19,141,44,126,41,142,45,231,41,143,59,185,41,144,31,112,41*67
$BDGSV,5,3,19,148,51,342,41,156,20,165,41,188,70,353,42,159,63,274,41*61
$BDGSV,5,4,19,160,52,026,41,169,78,184,41,170,24,147,41,175,35,317,41*6B
$BDGSV,5,5,19,178,55,006,41,179,26,160,42,180,32,185,41,,,,*66
$GPGGA,000233.00,2813.3396485,N,11259.4850749,E,1,19,0.8,70.8249,M,-16.713,M,,*42
$GPGSV,1,1,00,,,,,,,,,,,,,,,,*79
$BDGSV,5,1,19,147,36,197,41,150,42,213,41,153,49,320,41,145,23,251,41*62
$BDGSV,5,2,19,141,44,126,41,142,45,231,41,143,59,185,41,144,31,112,41*67
$BDGSV,5,3,19,148,51,342,41,156,20,165,41,188,70,353,41,159,63,275,41*63
$BDGSV,5,4,19,160,52,026,41,169,78,184,41,170,24,147,41,175,35,317,41*6B
$BDGSV,5,5,19,178,55,006,41,179,26,160,41,180,32,185,41,,,,*65
$GPGGA,000234.00,2813.3396497,N,11259.4850754,E,1,19,0.8,70.8216,M,-16.713,M,,*40
$GPGSV,1,1,00,,,,,,,,,,,,,,,,*79
$BDGSV,5,1,19,147,36,197,42,150,42,213,41,153,49,320,42,145,23,251,41*62
$BDGSV,5,2,19,141,44,126,41,142,45,231,41,143,59,185,41,144,31,112,41*67
$BDGSV,5,3,19,148,51,342,41,156,20,165,41,188,70,353,41,159,63,275,41*63
$BDGSV,5,4,19,160,52,026,41,169,78,184,41,170,24,147,41,175,35,317,41*6B
$BDGSV,5,5,19,178,55,006,41,179,26,160,41,180,32,185,41,,,,*65
$GPGGA,000235.00,2813.3396507,N,11259.4850770,E,1,19,0.8,70.8151,M,-16.713,M,,*4F
$GPGSV,1,1,00,,,,,,,,,,,,,,,,*79
$BDGSV,5,1,19,147,36,197,41,150,42,213,41,153,49,320,41,145,23,251,41*62
$BDGSV,5,2,19,141,44,126,42,142,45,231,41,143,59,185,41,144,31,112,41*64
$BDGSV,5,3,19,148,51,342,41,156,20,165,41,188,70,353,41,159,63,275,41*63
$BDGSV,5,4,19,160,52,026,41,169,78,184,41,170,24,147,41,175,35,317,41*6B
$BDGSV,5,5,19,178,55,006,41,179,26,160,41,180,32,185,42,,,,*66
$GPGGA,000236.00,2813.3396505,N,11259.4850780,E,1,19,0.8,70.8086,M,-16.713,M,,*4A
$GPGSV,1,1,00,,,,,,,,,,,,,,,,*79
$BDGSV,5,1,19,147,36,197,41,150,42,213,41,153,49,320,41,145,23,251,41*62
$BDGSV,5,2,19,141,44,126,42,142,45,231,41,143,59,185,41,144,31,112,41*64
$BDGSV,5,3,19,148,51,342,41,156,20,165,41,188,70,353,41,159,63,275,41*63
$BDGSV,5,4,19,160,52,026,41,169,78,184,41,170,24,147,41,175,35,317,41*6B
$BDGSV,5,5,19,178,55,006,41,179,26,160,41,180,32,185,41,,,,*65
$GPGGA,000237.00,2813.3396518,N,11259.4850791,E,1,19,0.8,70.8040,M,-16.713,M,,*4D
$GPGSV,1,1,00,,,,,,,,,,,,,,,,*79
$BDGSV,5,1,19,147,36,197,41,150,42,213,41,153,49,320,41,145,23,251,41*62
$BDGSV,5,2,19,141,44,126,42,142,45,231,41,143,59,185,41,144,31,112,41*64
$BDGSV,5,3,19,148,51,342,41,156,20,165,41,188,70,353,41,159,63,275,41*63
$BDGSV,5,4,19,160,52,026,41,169,78,184,41,170,24,147,41,175,35,317,41*6B
$BDGSV,5,5,19,178,55,006,41,179,26,160,41,180,32,185,41,,,,*65
$GPGGA,000238.00,2813.3396523,N,11259.4850790,E,1,19,0.8,70.8005,M,-16.713,M,,*4A
$GPGSV,1,1,00,,,,,,,,,,,,,,,,*79
$BDGSV,5,1,19,147,36,197,41,150,42,213,41,153,49,320,41,145,23,251,41*62
$BDGSV,5,2,19,141,44,126,41,142,45,231,41,143,59,185,41,144,31,112,41*67
$BDGSV,5,3,19,148,51,342,41,156,20,165,41,188,70,353,41,159,63,275,42*60
$BDGSV,5,4,19,160,52,026,41,169,78,184,41,170,24,147,41,175,35,317,41*6B
$BDGSV,5,5,19,178,55,006,41,179,27,160,41,180,32,185,41,,,,*64
$GPGGA,000239.00,2813.3396522,N,11259.4850808,E,1,19,0.8,70.7881,M,-16.713,M,,*4F
$GPGSV,1,1,00,,,,,,,,,,,,,,,,*79
$BDGSV,5,1,19,147,36,197,41,150,42,213,41,153,49,320,41,145,23,251,41*62
$BDGSV,5,2,19,141,44,126,41,142,45,231,41,143,59,185,41,144,31,112,41*67
$BDGSV,5,3,19,148,51,342,41,156,20,165,41,188,70,353,41,159,63,275,41*63
$BDGSV,5,4,19,160,52,026,41,169,78,184,41,170,24,147,41,175,35,317,41*6B
$BDGSV,5,5,19,178,55,006,41,179,27,160,41,180,32,185,41,,,,*64
$GPGGA,000240.00,2813.3396526,N,11259.4850826,E,1,19,0.8,70.7766,M,-16.713,M,,*4F
$GPGSV,1,1,00,,,,,,,,,,,,,,,,*79
$BDGSV,5,1,19,147,36,197,41,150,42,213,41,153,49,320,41,145,23,251,41*62
$BDGSV,5,2,19,141,44,126,41,142,45,231,41,143,59,185,41,144,31,112,41*67
$BDGSV,5,3,19,148,51,342,41,156,20,165,41,188,70,353,41,159,63,275,41*63
$BDGSV,5,4,19,160,52,026,41,169,78,183,41,170,24,147,41,175,35,317,41*6C
$BDGSV,5,5,19,178,55,006,41,179,27,160,41,180,32,185,41,,,,*64
$GPGGA,000241.00,2813.3396537,N,11259.4850814,E,1,19,0.8,70.7712,M,-16.713,M,,*4C
$GPGSV,1,1,00,,,,,,,,,,,,,,,,*79
$BDGSV,5,1,19,147,36,197,41,150,42,213,42,153,49,320,41,145,23,251,41*61
$BDGSV,5,2,19,141,44,126,42,142,45,231,41,143,59,185,41,144,31,112,41*64
$BDGSV,5,3,19,148,51,342,41,156,20,165,41,188,70,353,41,159,63,275,41*63
$BDGSV,5,4,19,160,52,026,41,169,78,183,41,170,24,147,41,175,35,317,41*6C
$BDGSV,5,5,19,178,55,006,41,179,27,160,41,180,32,185,41,,,,*64
$GPGGA,000242.00,2813.3396544,N,11259.4850803,E,1,19,0.8,70.7634,M,-16.713,M,,*48
$GPGSV,1,1,00,,,,,,,,,,,,,,,,*79
$BDGSV,5,1,19,147,36,197,41,150,42,213,41,153,49,320,41,145,23,251,41*62
$BDGSV,5,2,19,141,44,126,41,142,45,231,41,143,59,185,41,144,31,112,41*67
$BDGSV,5,3,19,148,51,342,41,156,20,165,41,188,70,353,42,159,63,275,41*60
$BDGSV,5,4,19,160,52,026,41,169,78,183,41,170,24,147,41,175,35,317,41*6C
$BDGSV,5,5,19,178,55,006,41,179,27,160,41,180,32,185,41,,,,*64
$GPGGA,000243.00,2813.3396550,N,11259.4850801,E,1,19,0.8,70.7571,M,-16.713,M,,*4C
$GPGSV,1,1,00,,,,,,,,,,,,,,,,*79
$BDGSV,5,1,19,147,36,197,41,150,42,213,41,153,49,320,41,145,23,251,41*62
$BDGSV,5,2,19,141,44,126,41,142,45,231,41,143,59,185,41,144,31,112,41*67
$BDGSV,5,3,19,148,51,342,41,156,20,165,41,188,70,353,41,159,63,275,41*63
$BDGSV,5,4,19,160,52,026,41,169,78,183,41,170,24,147,41,175,35,317,41*6C
$BDGSV,5,5,19,178,55,006,41,179,27,160,41,180,32,185,41,,,,*64
$GPGGA,000244.00,2813.3396558,N,11259.4850801,E,1,19,0.8,70.7600,M,-16.713,M,,*46
$GPGSV,1,1,00,,,,,,,,,,,,,,,,*79
$BDGSV,5,1,19,147,36,197,41,150,42,213,41,153,49,320,41,145,23,251,41*62
$BDGSV,5,2,19,141,44,126,42,142,45,231,41,143,59,185,41,144,31,112,41*64
$BDGSV,5,3,19,148,51,342,41,156,20,165,41,188,70,353,41,159,63,275,41*63
$BDGSV,5,4,19,160,52,026,41,169,78,183,41,170,24,147,42,175,35,317,41*6F
$BDGSV,5,5,19,178,55,006,41,179,27,160,41,180,32,185,41,,,,*64
$GPGGA,000245.00,2813.3396573,N,11259.4850803,E,1,19,0.8,70.7628,M,-16.713,M,,*46
$GPGSV,1,1,00,,,,,,,,,,,,,,,,*79
$BDGSV,5,1,19,147,36,197,41,150,41,213,41,153,49,320,41,145,23,251,41*61
$BDGSV,5,2,19,141,44,126,41,142,45,231,41,143,59,185,41,144,31,112,41*67
$BDGSV,5,3,19,148,51,342,41,156,20,165,41,188,70,353,41,159,63,275,41*63
$BDGSV,5,4,19,160,52,026,41,169,78,183,41,170,24,147,41,175,35,317,41*6C
$BDGSV,5,5,19,178,55,006,41,179,27,160,41,180,32,185,41,,,,*64
$GPGGA,000246.00,2813.3396589,N,11259.4850800,E,1,19,0.8,70.7602,M,-16.713,M,,*4B
$GPGSV,1,1,00,,,,,,,,,,,,,,,,*79
$BDGSV,5,1,19,147,36,197,41,150,41,213,41,153,49,320,41,145,23,251,41*61
$BDGSV,5,2,19,141,44,126,41,142,45,231,41,143,59,185,41,144,31,112,41*67
$BDGSV,5,3,19,148,51,342,41,156,20,165,41,188,70,353,41,159,63,275,41*63
$BDGSV,5,4,19,160,52,026,41,169,78,183,41,170,24,147,41,175,35,317,41*6C
$BDGSV,5,5,19,178,55,006,41,179,27,160,41,180,32,185,41,,,,*64
$GPGGA,000247.00,2813.3396589,N,11259.4850800,E,1,19,0.8,70.7664,M,-16.713,M,,*4A
$GPGSV,1,1,00,,,,,,,,,,,,,,,,*79
$BDGSV,5,1,19,147,36,197,41,150,41,213,41,153,49,320,41,145,23,251,41*61
$BDGSV,5,2,19,141,44,126,41,142,45,231,42,143,59,185,41,144,31,112,41*64
$BDGSV,5,3,19,148,51,342,41,156,20,165,41,188,70,353,41,159,63,275,41*63
$BDGSV,5,4,19,160,52,026,41,169,78,183,41,170,24,147,41,175,35,317,41*6C
$BDGSV,5,5,19,178,55,006,41,179,27,160,41,180,32,185,41,,,,*64
$GPGGA,000248.00,2813.3396591,N,11259.4850799,E,1,19,0.8,70.7689,M,-16.713,M,,*40
$GPGSV,1,1,00,,,,,,,,,,,,,,,,*79
$BDGSV,5,1,19,147,36,197,41,150,41,213,41,153,49,320,41,145,23,251,41*61
$BDGSV,5,2,19,141,44,126,41,142,45,231,41,143,59,185,41,144,31,112,41*67
$BDGSV,5,3,19,148,51,342,41,156,20,165,41,188,70,353,41,159,63,275,41*63
$BDGSV,5,4,19,160,52,026,41,169,78,183,41,170,24,147,41,175,35,317,41*6C
$BDGSV,5,5,19,178,55,006,41,179,27,160,41,180,32,185,41,,,,*64
$GPGGA,000249.00,2813.3396599,N,11259.4850812,E,1,19,0.8,70.7650,M,-16.713,M,,*41
$GPGSV,1,1,00,,,,,,,,,,,,,,,,*79
$BDGSV,5,1,19,147,36,197,41,150,41,213,42,153,49,320,42,145,23,251,41*61
$BDGSV,5,2,19,141,44,126,41,142,45,231,41,143,59,185,41,144,31,112,41*67
$BDGSV,5,3,19,148,51,342,41,156,20,165,41,188,70,353,41,159,63,275,41*63
$BDGSV,5,4,19,160,52,026,41,169,78,183,41,170,24,147,41,175,35,317,41*6C
$BDGSV,5,5,19,178,55,006,42,179,27,160,41,180,32,185,41,,,,*67
$GPGGA,000250.00,2813.3396611,N,11259.4850807,E,1,19,0.8,70.7641,M,-16.713,M,,*4E
$GPGSV,1,1,00,,,,,,,,,,,,,,,,*79
$BDGSV,5,1,19,147,36,197,41,150,41,213,41,153,49,320,41,145,23,251,41*61
$BDGSV,5,2,19,141,44,126,41,142,45,231,41,143,59,185,41,144,31,112,41*67
$BDGSV,5,3,19,148,51,342,41,156,20,165,41,188,70,353,41,159,63,275,41*63
$BDGSV,5,4,19,160,52,026,41,169,78,183,42,170,24,147,41,175,36,317,41*6C
$BDGSV,5,5,19,178,55,006,41,179,27,160,41,180,32,185,41,,,,*64
$GPGGA,000251.00,2813.3396615,N,11259.4850778,E,1,19,0.8,70.7623,M,-16.713,M,,*48
$GPGSV,1,1,00,,,,,,,,,,,,,,,,*79
$BDGSV,5,1,19,147,36,197,41,150,41,213,41,153,49,320,41,145,23,251,41*61
$BDGSV,5,2,19,141,44,126,41,142,45,231,41,143,59,185,41,144,31,112,41*67
$BDGSV,5,3,19,148,51,342,41,156,20,165,41,188,70,353,41,159,63,275,41*63
$BDGSV,5,4,19,160,52,026,41,169,78,183,41,170,24,147,41,175,36,317,41*6F
$BDGSV,5,5,19,178,55,006,41,179,27,160,41,180,32,185,41,,,,*64
$GPGGA,000252.00,2813.3396623,N,11259.4850783,E,1,19,0.8,70.7616,M,-16.713,M,,*4C
$GPGSV,1,1,00,,,,,,,,,,,,,,,,*79
$BDGSV,5,1,19,147,36,197,41,150,41,213,41,153,49,320,41,145,23,251,41*61
$BDGSV,5,2,19,141,44,126,41,142,45,231,41,143,59,185,41,144,31,112,41*67
$BDGSV,5,3,19,148,51,342,41,156,20,165,41,188,70,353,41,159,63,275,41*63
$BDGSV,5,4,19,160,52,026,41,169,78,183,41,170,24,147,41,175,36,317,41*6F
$BDGSV,5,5,19,178,55,006,41,179,27,160,41,180,32,185,41,,,,*64
$GPGGA,000253.00,2813.3396627,N,11259.4850780,E,1,19,0.8,70.7594,M,-16.713,M,,*43
$GPGSV,1,1,00,,,,,,,,,,,,,,,,*79
$BDGSV,5,1,19,147,36,197,41,150,41,213,41,153,49,320,41,145,23,251,41*61
$BDGSV,5,2,19,141,44,126,41,142,45,231,41,143,59,185,41,144,31,112,41*67
$BDGSV,5,3,19,148,51,342,41,156,20,165,41,188,70,353,41,159,63,275,41*63
$BDGSV,5,4,19,160,52,026,41,169,78,183,41,170,24,147,41,175,36,317,41*6F
$BDGSV,5,5,19,178,55,006,41,179,27,160,41,180,32,185,41,,,,*64
$GPGGA,000254.00,2813.3396623,N,11259.4850771,E,1,19,0.8,70.7664,M,-16.713,M,,*42
$GPGSV,1,1,00,,,,,,,,,,,,,,,,*79
$BDGSV,5,1,19,147,36,197,41,150,41,213,41,153,49,320,41,145,23,251,42*62
$BDGSV,5,2,19,141,44,126,41,142,45,231,41,143,59,185,41,144,31,112,41*67
$BDGSV,5,3,19,148,51,342,41,156,20,165,41,188,70,353,41,159,63,275,41*63
$BDGSV,5,4,19,160,52,026,41,169,78,183,41,170,24,147,41,175,36,317,41*6F
$BDGSV,5,5,19,178,55,006,41,179,27,160,41,180,32,185,41,,,,*64
$GPGGA,000255.00,2813.3396627,N,11259.4850756,E,1,19,0.8,70.7659,M,-16.713,M,,*4C
$GPGSV,1,1,00,,,,,,,,,,,,,,,,*79
$BDGSV,5,1,19,147,36,197,41,150,41,213,41,153,49,320,41,145,23,251,41*61
$BDGSV,5,2,19,141,44,126,41,142,45,231,41,143,59,185,42,144,31,112,41*64
$BDGSV,5,3,19,148,51,342,41,156,20,165,41,188,70,353,41,159,63,275,41*63
$BDGSV,5,4,19,160,52,026,41,169,78,183,41,170,24,147,41,175,36,317,41*6F
$BDGSV,5,5,19,178,55,006,41,179,27,160,41,180,32,185,41,,,,*64
$GPGGA,000256.00,2813.3396643,N,11259.4850762,E,1,19,0.8,70.7652,M,-16.713,M,,*41
$GPGSV,1,1,00,,,,,,,,,,,,,,,,*79
$BDGSV,5,1,19,147,36,197,41,150,41,213,41,153,49,320,41,145,23,251,41*61
$BDGSV,5,2,19,141,44,126,41,142,45,231,41,143,59,185,41,144,31,112,41*67
$BDGSV,5,3,19,148,51,342,41,156,20,165,41,188,70,354,41,159,63,275,41*64
$BDGSV,5,4,19,160,52,026,41,169,78,183,41,170,24,147,41,175,36,317,41*6F
$BDGSV,5,5,19,178,55,006,41,179,27,160,41,180,32,185,41,,,,*64
$GPGGA,000257.00,2813.3396653,N,11259.4850760,E,1,19,0.8,70.7659,M,-16.713,M,,*48
$GPGSV,1,1,00,,,,,,,,,,,,,,,,*79
$BDGSV,5,1,19,147,36,197,41,150,41,213,41,153,49,320,41,145,23,251,42*62
$BDGSV,5,2,19,141,44,126,41,142,45,231,41,143,59,185,41,144,31,112,41*67
$BDGSV,5,3,19,148,51,342,41,156,20,165,41,188,70,354,41,159,63,275,42*67
$BDGSV,5,4,19,160,52,026,41,169,78,183,41,170,24,147,41,175,36,317,41*6F
$BDGSV,5,5,19,178,55,006,41,179,27,160,41,180,32,185,41,,,,*64
$GPGGA,000258.00,2813.3396668,N,11259.4850765,E,1,19,0.8,70.7623,M,-16.713,M,,*47
$GPGSV,1,1,00,,,,,,,,,,,,,,,,*79
$BDGSV,5,1,19,147,36,197,41,150,41,213,41,153,49,320,41,145,23,251,41*61
$BDGSV,5,2,19,141,44,126,41,142,45,231,41,143,59,185,41,144,31,112,41*67
$BDGSV,5,3,19,148,51,342,41,156,20,165,41,188,70,354,41,159,63,275,41*64
$BDGSV,5,4,19,160,52,026,41,169,78,183,41,170,24,147,41,175,36,317,41*6F
$BDGSV,5,5,19,178,55,006,41,179,27,160,41,180,32,185,41,,,,*64
$GPGGA,000259.00,2813.3396671,N,11259.4850761,E,1,19,0.8,70.7569,M,-16.713,M,,*47
$GPGSV,1,1,00,,,,,,,,,,,,,,,,*79
$BDGSV,5,1,19,147,36,197,41,150,41,213,41,153,49,320,41,145,23,251,41*61
$BDGSV,5,2,19,141,44,126,41,142,45,231,41,143,59,185,41,144,31,112,41*67
$BDGSV,5,3,19,148,51,342,41,156,20,165,41,188,70,354,41,159,63,275,41*64
$BDGSV,5,4,19,160,52,026,41,169,78,183,41,170,24,147,41,175,36,317,41*6F
$BDGSV,5,5,19,178,55,006,41,179,27,160,41,180,32,185,41,,,,*64
$GPGGA,000300.00,2813.3396676,N,11259.4850772,E,1,19,0.8,70.7531,M,-16.713,M,,*42
$GPGSV,1,1,00,,,,,,,,,,,,,,,,*79
$BDGSV,5,1,19,147,36,197,41,150,41,213,41,153,49,320,41,145,23,251,41*61
$BDGSV,5,2,19,141,44,126,41,142,45,231,41,143,59,185,41,144,31,112,41*67
$BDGSV,5,3,19,148,51,342,41,156,20,165,41,188,69,354,41,159,63,275,41*6C
$BDGSV,5,4,19,160,52,026,42,169,78,183,41,170,24,147,41,175,36,317,41*6C
$BDGSV,5,5,19,178,55,006,42,179,27,160,41,180,32,185,41,,,,*67
$GPGGA,000301.00,2813.3396676,N,11259.4850776,E,1,19,0.8,70.7497,M,-16.713,M,,*4A
$GPGSV,1,1,00,,,,,,,,,,,,,,,,*79
$BDGSV,5,1,19,147,36,197,41,150,41,213,41,153,49,320,41,145,23,251,41*61
$BDGSV,5,2,19,141,44,126,41,142,45,231,41,143,59,185,41,144,31,112,41*67
$BDGSV,5,3,19,148,51,342,41,156,20,165,41,188,69,354,41,159,63,275,41*6C
$BDGSV,5,4,19,160,52,026,41,169,78,183,41,170,23,147,41,175,36,317,41*68
$BDGSV,5,5,19,178,55,006,41,179,27,160,41,180,32,185,41,,,,*64
$GPGGA,000302.00,2813.3396677,N,11259.4850770,E,1,19,0.8,70.7565,M,-16.713,M,,*42
$GPGSV,1,1,00,,,,,,,,,,,,,,,,*79
$BDGSV,5,1,19,147,36,197,41,150,41,213,41,153,49,320,41,145,23,251,41*61
$BDGSV,5,2,19,141,44,126,41,142,45,231,41,143,59,185,41,144,31,112,41*67
$BDGSV,5,3,19,148,51,342,41,156,20,165,41,188,69,354,41,159,63,275,41*6C
$BDGSV,5,4,19,160,52,026,41,169,78,183,41,170,23,147,41,175,36,317,41*68
$BDGSV,5,5,19,178,55,006,41,179,27,160,41,180,32,185,41,,,,*64
$GPGGA,000303.00,2813.3396669,N,11259.4850836,E,1,20,0.7,70.7964,M,-16.713,M,,*49
$GPGSV,1,1,00,,,,,,,,,,,,,,,,*79
$BDGSV,5,1,20,147,36,197,41,150,41,213,41,153,49,320,41,145,23,251,41*6B
$BDGSV,5,2,20,141,44,126,41,142,45,231,41,143,59,185,41,144,31,112,41*6D
$BDGSV,5,3,20,148,51,342,41,156,20,165,41,188,69,354,41,159,63,275,41*66
$BDGSV,5,4,20,160,52,026,41,162,16,240,41,169,78,183,41,170,23,147,41*65
$BDGSV,5,5,20,175,36,317,41,178,55,006,41,179,27,160,41,180,32,185,41*68
$GPGGA,000304.00,2813.3396680,N,11259.4850854,E,1,20,0.7,70.7951,M,-16.713,M,,*4B
$GPGSV,1,1,00,,,,,,,,,,,,,,,,*79
$BDGSV,6,1,21,146,16,174,41,147,36,197,41,150,41,213,41,153,49,320,41*68
$BDGSV,6,2,21,145,23,251,41,141,44,126,41,142,45,231,41,143,59,185,41*69
$BDGSV,6,3,21,144,31,112,41,148,51,342,41,156,20,165,41,188,69,354,41*6D
$BDGSV,6,4,21,159,63,275,41,160,52,026,41,162,16,240,41,169,78,183,41*6A
$BDGSV,6,5,21,170,23,147,42,175,36,317,42,178,55,006,41,179,27,160,41*6B
$BDGSV,6,6,21,180,32,185,41,,,,,,,,,,,,*6A
$GPGGA,000305.00,2813.3396678,N,11259.4850857,E,1,20,0.7,70.8068,M,-16.713,M,,*42
$GPGSV,1,1,00,,,,,,,,,,,,,,,,*79
$BDGSV,6,1,21,146,16,174,41,147,36,197,41,150,41,213,41,153,49,320,41*68
$BDGSV,6,2,21,145,23,251,41,141,44,126,41,142,45,231,41,143,59,185,41*69
$BDGSV,6,3,21,144,31,112,41,148,51,342,41,156,20,165,41,188,69,354,41*6D
$BDGSV,6,4,21,159,64,275,41,160,52,026,41,162,16,240,41,169,78,183,41*6D
$BDGSV,6,5,21,170,23,147,41,175,36,317,41,178,55,006,41,179,27,160,41*6B
$BDGSV,6,6,21,180,32,185,41,,,,,,,,,,,,*6A
