$GPGGA,000033.00,2813.3390115,N,11259.4857524,E,1,14,0.8,67.9636,M,-16.713,M,,*42
$GPGSV,1,1,00,,,,,,,,,,,,,,,,*79
$BDGSV,5,1,17,147,68,136,41,150,42,213,42,153,23,136,41,145,23,251,41*66
$BDGSV,5,2,17,141,44,126,41,142,45,231,41,143,59,185,41,144,31,112,41*69
$BDGSV,5,3,17,160,52,026,41,178,55,006,42,188,70,351,41,180,33,185,41*63
$BDGSV,5,4,17,159,13,046,41,179,26,160,41,169,79,185,41,170,24,147,41*60
$BDGSV,5,5,17,175,35,317,41,,,,,,,,,,,,*6B
$GPGGA,000034.00,2813.3390180,N,11259.4858647,E,1,14,0.8,67.8435,M,-16.713,M,,*40
$GPGSV,1,1,00,,,,,,,,,,,,,,,,*79
$BDGSV,5,1,17,147,68,136,41,150,42,213,42,153,49,320,41,145,23,251,42*6C
$BDGSV,5,2,17,141,44,126,41,142,45,231,41,143,59,185,41,144,31,112,41*69
$BDGSV,5,3,17,160,52,026,41,178,55,006,41,188,70,351,41,180,33,185,41*60
$BDGSV,5,4,17,159,13,046,41,179,26,160,42,169,79,185,41,170,24,147,41*63
$BDGSV,5,5,17,175,35,317,41,,,,,,,,,,,,*6B
$GPGGA,000035.00,2813.3392855,N,11259.4857894,E,1,14,0.8,68.3339,M,-16.713,M,,*42
$GPGSV,1,1,00,,,,,,,,,,,,,,,,*79
$BDGSV,5,1,17,147,68,136,41,150,42,213,41,153,49,320,42,145,23,251,42*6C
$BDGSV,5,2,17,141,44,126,41,142,45,231,42,143,59,185,41,144,31,112,41*6A
$BDGSV,5,3,17,160,52,026,41,178,55,006,42,188,70,352,42,180,33,185,42*60
$BDGSV,5,4,17,159,13,046,41,179,26,160,41,169,79,185,41,170,24,147,41*60
$BDGSV,5,5,17,175,35,317,42,,,,,,,,,,,,*68
$GPGGA,000036.00,2813.3395855,N,11259.4856685,E,1,14,0.8,69.1869,M,-16.713,M,,*44
$GPGSV,1,1,00,,,,,,,,,,,,,,,,*79
$BDGSV,5,1,17,147,68,136,41,150,42,213,41,153,49,320,41,145,23,251,41*6C
$BDGSV,5,2,17,141,44,126,41,142,45,231,41,143,59,185,41,144,31,112,41*69
$BDGSV,5,3,17,160,52,026,41,178,55,006,41,188,70,352,41,180,33,185,41*63
$BDGSV,5,4,17,159,13,046,41,179,26,160,41,169,79,185,41,170,24,147,41*60
$BDGSV,5,5,17,175,35,317,41,,,,,,,,,,,,*6B
$GPGGA,000037.00,2813.3397227,N,11259.4856228,E,1,14,0.8,69.5433,M,-16.713,M,,*4C
$GPGSV,1,1,00,,,,,,,,,,,,,,,,*79
$BDGSV,5,1,18,147,68,136,41,150,42,213,41,153,49,320,41,145,23,251,41*63
$BDGSV,5,2,18,141,44,126,41,142,45,231,41,143,59,185,41,144,31,112,41*66
$BDGSV,5,3,18,148,73,162,42,160,52,026,41,178,55,006,42,188,70,352,41*65
$BDGSV,5,4,18,180,33,185,41,159,63,273,42,179,26,160,41,169,79,185,41*68
$BDGSV,5,5,18,170,24,147,41,175,35,317,42,,,,,,,,*60
$GPGGA,000038.00,2813.3397940,N,11259.4855966,E,1,14,0.8,69.7275,M,-16.713,M,,*4D
$GPGSV,1,1,00,,,,,,,,,,,,,,,,*79
$BDGSV,5,1,18,147,68,136,41,150,42,213,41,153,49,320,41,145,23,251,41*63
$BDGSV,5,2,18,141,44,126,41,142,45,231,41,143,59,185,41,144,31,112,41*66
$BDGSV,5,3,18,148,73,162,42,160,52,026,41,178,55,006,41,188,70,352,41*66
$BDGSV,5,4,18,180,33,185,41,159,63,273,41,179,26,160,41,169,79,185,41*6B
$BDGSV,5,5,18,170,24,147,41,175,35,317,41,,,,,,,,*63
$GPGGA,000039.00,2813.3398376,N,11259.4855912,E,1,14,0.8,69.7372,M,-16.713,M,,*49
$GPGSV,1,1,00,,,,,,,,,,,,,,,,*79
$BDGSV,5,1,18,147,68,136,41,150,42,213,42,153,49,320,41,145,23,251,41*60
$BDGSV,5,2,18,141,44,126,41,142,45,231,41,143,59,185,41,144,31,112,41*66
$BDGSV,5,3,18,148,73,162,41,160,52,026,41,178,55,006,41,188,70,352,41*65
$BDGSV,5,4,18,180,33,185,42,159,63,273,41,179,26,160,41,169,79,184,41*69
$BDGSV,5,5,18,170,24,147,41,175,35,317,41,,,,,,,,*63
$GPGGA,000040.00,2813.3398224,N,11259.4856059,E,1,15,0.8,69.8855,M,-16.713,M,,*44
$GPGSV,1,1,00,,,,,,,,,,,,,,,,*79
$BDGSV,5,1,18,147,68,136,41,150,42,213,41,153,49,320,42,145,23,251,41*60
$BDGSV,5,2,18,141,44,126,41,142,45,231,41,143,59,185,42,144,31,112,41*65
$BDGSV,5,3,18,148,52,341,41,160,52,026,41,178,55,006,41,188,70,352,41*65
$BDGSV,5,4,18,180,33,185,41,159,63,273,41,179,26,160,41,169,79,184,41*6A
$BDGSV,5,5,18,170,24,147,41,175,35,317,41,,,,,,,,*63
$GPGGA,000041.00,2813.3397992,N,11259.4856143,E,1,15,0.8,70.0801,M,-16.713,M,,*47
$GPGSV,1,1,00,,,,,,,,,,,,,,,,*79
$BDGSV,5,1,18,147,68,136,41,150,42,213,41,153,49,320,41,145,23,251,41*63
$BDGSV,5,2,18,141,44,126,41,142,45,231,41,143,59,185,42,144,31,112,41*65
$BDGSV,5,3,18,148,52,341,41,160,52,026,41,178,55,006,41,188,70,352,41*65
$BDGSV,5,4,18,180,33,185,41,159,63,273,41,179,26,160,41,169,79,184,41*6A
$BDGSV,5,5,18,170,24,147,41,175,35,317,41,,,,,,,,*63
$GPGGA,000042.00,2813.3397971,N,11259.4856260,E,1,15,0.8,70.1841,M,-16.713,M,,*4E
$GPGSV,1,1,00,,,,,,,,,,,,,,,,*79
$BDGSV,5,1,18,147,68,136,41,150,42,213,41,153,49,320,41,145,23,251,41*63
$BDGSV,5,2,18,141,44,126,42,142,45,231,41,143,59,185,42,144,31,112,41*66
$BDGSV,5,3,18,148,52,341,42,160,52,026,41,178,55,006,41,188,70,352,41*66
$BDGSV,5,4,18,180,33,185,42,159,63,273,42,179,26,160,42,169,79,184,41*69
$BDGSV,5,5,18,170,24,147,41,175,35,317,41,,,,,,,,*63
$GPGGA,000043.00,2813.3397938,N,11259.4856285,E,1,15,0.8,70.2399,M,-16.713,M,,*44
$GPGSV,1,1,00,,,,,,,,,,,,,,,,*79
$BDGSV,5,1,18,147,68,136,41,150,42,213,41,153,49,320,41,145,23,251,41*63
$BDGSV,5,2,18,141,44,126,42,142,45,231,41,143,59,185,41,144,31,112,42*66
$BDGSV,5,3,18,148,52,342,41,160,52,026,41,178,55,006,41,188,70,352,41*66
$BDGSV,5,4,18,180,33,185,41,159,63,273,42,179,26,160,41,169,79,184,41*69
$BDGSV,5,5,18,170,24,147,41,175,35,317,41,,,,,,,,*63
$GPGGA,000044.00,2813.3398004,N,11259.4856314,E,1,15,0.8,70.2551,M,-16.713,M,,*41
$GPGSV,1,1,00,,,,,,,,,,,,,,,,*79
$BDGSV,5,1,18,147,68,136,41,150,42,213,41,153,49,320,41,145,23,251,41*63
$BDGSV,5,2,18,141,44,126,41,142,45,231,42,143,59,185,41,144,31,112,41*65
$BDGSV,5,3,18,148,52,342,41,160,52,026,41,178,55,006,41,188,70,352,41*66
$BDGSV,5,4,18,180,33,185,41,159,63,273,41,179,26,160,41,169,79,184,41*6A
$BDGSV,5,5,18,170,24,147,41,175,35,317,41,,,,,,,,*63
$GPGGA,000045.00,2813.3397780,N,11259.4855863,E,1,18,0.8,70.6074,M,-16.713,M,,*47
$GPGSV,1,1,00,,,,,,,,,,,,,,,,*79
$BDGSV,5,1,18,147,36,197,41,150,42,213,41,153,49,320,41,145,23,251,41*63
$BDGSV,5,2,18,141,44,126,41,142,45,231,41,143,59,185,41,144,31,112,41*66
$BDGSV,5,3,18,148,52,342,41,160,52,026,41,178,55,006,41,188,70,352,41*66
$BDGSV,5,4,18,180,33,185,41,159,63,273,41,179,26,160,41,169,79,184,41*6A
$BDGSV,5,5,18,170,24,147,41,175,35,317,41,,,,,,,,*63
$GPGGA,000046.00,2813.3397611,N,11259.4855900,E,1,19,0.8,70.7781,M,-16.713,M,,*44
$GPGSV,1,1,00,,,,,,,,,,,,,,,,*79
$BDGSV,5,1,19,147,36,197,41,156,20,165,41,150,42,213,41,153,49,320,41*67
$BDGSV,5,2,19,145,23,251,41,141,44,126,41,142,45,231,41,143,59,185,41*61
$BDGSV,5,3,19,144,31,112,42,148,52,342,41,160,52,026,41,178,55,006,41*67
$BDGSV,5,4,19,188,70,352,41,180,33,185,41,159,63,273,41,179,26,160,41*64
$BDGSV,5,5,19,169,79,184,41,170,24,147,41,175,35,317,42,,,,*69
$GPGGA,000047.00,2813.3397609,N,11259.4855787,E,1,19,0.8,70.7038,M,-16.713,M,,*48
$GPGSV,1,1,00,,,,,,,,,,,,,,,,*79
$BDGSV,5,1,19,147,36,197,41,156,20,165,41,150,42,213,41,153,49,320,41*67
$BDGSV,5,2,19,145,23,251,41,141,44,126,42,142,45,231,41,143,59,185,41*62
$BDGSV,5,3,19,144,31,112,41,148,52,342,42,160,52,026,41,178,55,006,41*67
$BDGSV,5,4,19,188,70,352,41,180,33,185,41,159,63,273,41,179,26,160,41*64
$BDGSV,5,5,19,169,79,184,41,170,24,147,41,175,35,317,41,,,,*6A
$GPGGA,000048.00,2813.3397662,N,11259.4856071,E,1,19,0.8,70.5072,M,-16.713,M,,*4B
$GPGSV,1,1,00,,,,,,,,,,,,,,,,*79
$BDGSV,5,1,19,147,36,197,41,156,20,165,41,150,42,213,42,153,49,320,41*64
$BDGSV,5,2,19,145,23,251,41,141,44,126,41,142,45,231,41,143,59,185,41*61
$BDGSV,5,3,19,144,31,112,42,148,52,342,41,160,52,026,42,178,55,006,41*64
$BDGSV,5,4,19,188,70,352,41,180,33,185,41,159,63,273,41,179,26,160,42*67
$BDGSV,5,5,19,169,79,184,41,170,24,147,41,175,35,317,41,,,,*6A
$GPGGA,000049.00,2813.3397633,N,11259.4855748,E,1,19,0.8,70.5548,M,-16.713,M,,*4C
$GPGSV,1,1,00,,,,,,,,,,,,,,,,*79
$BDGSV,5,1,19,147,36,197,41,156,20,165,41,150,42,213,42,153,49,320,41*64
$BDGSV,5,2,19,145,23,251,41,141,44,126,41,142,45,231,41,143,59,185,41*61
$BDGSV,5,3,19,144,31,112,41,148,52,342,41,160,52,026,41,178,55,006,41*64
$BDGSV,5,4,19,188,70,352,41,180,33,185,41,159,63,273,41,179,26,160,41*64
$BDGSV,5,5,19,169,79,184,41,170,24,147,41,175,35,317,41,,,,*6A
$GPGGA,000050.00,2813.3397569,N,11259.4855031,E,1,19,0.8,70.7001,M,-16.713,M,,*4B
$GPGSV,1,1,00,,,,,,,,,,,,,,,,*79
$BDGSV,5,1,19,147,36,197,41,156,20,165,41,150,42,213,41,153,49,320,41*67
$BDGSV,5,2,19,145,23,251,41,141,44,126,41,142,45,231,41,143,59,185,41*61
$BDGSV,5,3,19,144,31,112,42,148,52,342,41,160,52,026,42,178,55,006,41*64
$BDGSV,5,4,19,188,70,352,41,180,33,185,41,159,63,273,41,179,26,160,42*67
$BDGSV,5,5,19,169,79,184,41,170,24,147,42,175,35,317,41,,,,*69
$GPGGA,000051.00,2813.3397593,N,11259.4854549,E,1,19,0.8,70.7051,M,-16.713,M,,*41
$GPGSV,1,1,00,,,,,,,,,,,,,,,,*79
$BDGSV,5,1,19,147,36,197,41,156,20,165,41,150,42,213,41,153,49,320,41*67
$BDGSV,5,2,19,145,23,251,41,141,44,126,41,142,45,231,41,143,59,185,41*61
$BDGSV,5,3,19,144,31,112,41,148,52,342,41,160,52,026,41,178,55,006,41*64
$BDGSV,5,4,19,188,70,352,41,180,33,185,41,159,63,273,41,179,26,160,41*64
$BDGSV,5,5,19,169,79,184,41,170,24,147,41,175,35,317,41,,,,*6A
$GPGGA,000052.00,2813.3397528,N,11259.4854262,E,1,19,0.8,70.6954,M,-16.713,M,,*41
$GPGSV,1,1,00,,,,,,,,,,,,,,,,*79
$BDGSV,5,1,19,147,36,197,41,156,20,165,41,150,42,213,41,153,49,320,41*67
$BDGSV,5,2,19,145,23,251,41,141,44,126,41,142,45,231,42,143,59,185,41*62
$BDGSV,5,3,19,144,31,112,41,148,52,342,41,160,52,026,41,178,55,006,41*64
$BDGSV,5,4,19,188,70,352,42,180,33,185,41,159,63,273,41,179,26,160,41*67
$BDGSV,5,5,19,169,79,184,41,170,24,147,41,175,35,317,41,,,,*6A
$GPGGA,000053.00,2813.3397350,N,11259.4853750,E,1,19,0.8,70.7691,M,-16.713,M,,*4D
$GPGSV,1,1,00,,,,,,,,,,,,,,,,*79
$BDGSV,5,1,19,147,36,197,41,156,20,165,41,150,42,213,41,153,49,320,41*67
$BDGSV,5,2,19,145,23,251,41,141,44,126,41,142,45,231,41,143,59,185,41*61
$BDGSV,5,3,19,144,31,112,41,148,52,342,41,160,52,026,41,178,55,006,41*64
$BDGSV,5,4,19,188,70,352,41,180,33,185,41,159,63,273,41,179,26,160,41*64
$BDGSV,5,5,19,169,79,184,41,170,24,147,41,175,35,317,41,,,,*6A
$GPGGA,000054.00,2813.3397211,N,11259.4853278,E,1,19,0.8,70.8275,M,-16.713,M,,*40
$GPGSV,1,1,00,,,,,,,,,,,,,,,,*79
$BDGSV,5,1,19,147,36,197,41,156,20,165,41,150,42,213,41,153,49,320,41*67
$BDGSV,5,2,19,145,23,251,41,141,44,126,41,142,45,231,41,143,59,185,41*61
$BDGSV,5,3,19,144,31,112,41,148,52,342,41,160,52,026,41,178,55,006,41*64
$BDGSV,5,4,19,188,70,352,41,180,33,185,41,159,63,273,41,179,26,160,41*64
$BDGSV,5,5,19,169,79,184,41,170,24,147,41,175,35,317,41,,,,*6A
$GPGGA,000055.00,2813.3397205,N,11259.4853142,E,1,19,0.8,70.8030,M,-16.713,M,,*4D
$GPGSV,1,1,00,,,,,,,,,,,,,,,,*79
$BDGSV,5,1,19,147,36,197,41,156,20,165,41,150,42,213,41,153,49,320,41*67
$BDGSV,5,2,19,145,23,251,42,141,44,126,41,142,45,231,41,143,59,185,41*62
$BDGSV,5,3,19,144,31,112,41,148,52,342,41,160,52,026,41,178,55,006,41*64
$BDGSV,5,4,19,188,70,352,41,180,33,185,41,159,63,273,41,179,26,160,41*64
$BDGSV,5,5,19,169,79,184,41,170,24,147,41,175,35,317,41,,,,*6A
$GPGGA,000056.00,2813.3397236,N,11259.4853094,E,1,19,0.8,70.7962,M,-16.713,M,,*45
$GPGSV,1,1,00,,,,,,,,,,,,,,,,*79
$BDGSV,5,1,19,147,36,197,41,156,20,165,41,150,42,213,41,153,49,320,41*67
$BDGSV,5,2,19,145,23,251,41,141,44,126,41,142,45,231,41,143,59,185,41*61
$BDGSV,5,3,19,144,31,112,42,148,52,342,41,160,52,026,41,178,55,006,41*67
$BDGSV,5,4,19,188,70,352,41,180,33,185,41,159,63,273,41,179,26,160,41*64
$BDGSV,5,5,19,169,79,184,41,170,24,147,41,175,35,317,41,,,,*6A
$GPGGA,000057.00,2813.3397260,N,11259.4853045,E,1,19,0.8,70.8148,M,-16.713,M,,*44
$GPGSV,1,1,00,,,,,,,,,,,,,,,,*79
$BDGSV,5,1,19,147,36,197,42,156,20,165,42,150,42,213,41,153,49,320,41*67
$BDGSV,5,2,19,145,23,251,41,141,44,126,42,142,45,231,41,143,59,185,41*62
$BDGSV,5,3,19,144,31,112,41,148,52,342,41,160,52,026,41,178,55,006,42*67
$BDGSV,5,4,19,188,70,352,41,180,33,185,41,159,63,273,41,179,26,160,41*64
$BDGSV,5,5,19,169,79,184,42,170,24,147,41,175,35,317,41,,,,*69
$GPGGA,000058.00,2813.3397243,N,11259.4852947,E,1,19,0.8,70.8660,M,-16.713,M,,*4D
$GPGSV,1,1,00,,,,,,,,,,,,,,,,*79
$BDGSV,5,1,19,147,36,197,41,156,20,165,41,150,42,213,41,153,49,320,41*67
$BDGSV,5,2,19,145,23,251,41,141,44,126,42,142,45,231,41,143,59,185,42*61
$BDGSV,5,3,19,144,31,112,41,148,52,342,41,160,52,026,41,178,55,006,41*64
$BDGSV,5,4,19,188,70,352,41,180,33,185,41,159,63,273,41,179,26,160,41*64
$BDGSV,5,5,19,169,79,184,41,170,24,147,41,175,35,317,41,,,,*6A
$GPGGA,000059.00,2813.3397241,N,11259.4852934,E,1,19,0.8,70.8725,M,-16.713,M,,*4A
$GPGSV,1,1,00,,,,,,,,,,,,,,,,*79
$BDGSV,5,1,19,147,36,197,41,156,20,165,41,150,42,213,41,153,49,320,41*67
$BDGSV,5,2,19,145,23,251,41,141,44,126,41,142,45,231,41,143,59,185,41*61
$BDGSV,5,3,19,144,31,112,41,148,52,342,41,160,52,026,41,178,55,006,41*64
$BDGSV,5,4,19,188,70,352,41,180,33,185,41,159,63,273,41,179,26,160,41*64
$BDGSV,5,5,19,169,79,184,41,170,24,147,41,175,35,317,41,,,,*6A
$GPGGA,000100.00,2813.3397240,N,11259.4852920,E,1,19,0.8,70.8762,M,-16.713,M,,*40
$GPGSV,1,1,00,,,,,,,,,,,,,,,,*79
$BDGSV,5,1,19,147,36,197,41,156,20,165,41,150,42,213,41,153,49,320,41*67
$BDGSV,5,2,19,145,23,251,41,141,44,126,41,142,45,231,41,143,59,185,41*61
$BDGSV,5,3,19,144,31,112,41,148,52,342,41,160,52,026,41,178,55,006,41*64
$BDGSV,5,4,19,188,70,352,41,180,33,185,41,159,63,273,41,179,26,160,41*64
$BDGSV,5,5,19,169,79,184,41,170,24,147,41,175,35,317,41,,,,*6A
$GPGGA,000101.00,2813.3397234,N,11259.4852893,E,1,19,0.8,70.8807,M,-16.713,M,,*47
$GPGSV,1,1,00,,,,,,,,,,,,,,,,*79
$BDGSV,5,1,19,147,36,197,41,156,20,165,41,150,42,213,41,153,49,320,41*67
$BDGSV,5,2,19,145,23,251,41,141,44,126,41,142,45,231,41,143,59,185,41*61
$BDGSV,5,3,19,144,31,112,41,148,52,342,41,160,52,026,41,178,55,006,41*64
$BDGSV,5,4,19,188,70,352,41,180,33,185,41,159,63,273,41,179,26,160,41*64
$BDGSV,5,5,19,169,79,184,41,170,24,147,41,175,35,317,41,,,,*6A
$GPGGA,000102.00,2813.3397235,N,11259.4852873,E,1,19,0.8,70.8772,M,-16.713,M,,*46
$GPGSV,1,1,00,,,,,,,,,,,,,,,,*79
$BDGSV,5,1,19,147,36,197,41,156,20,165,41,150,42,213,41,153,49,320,41*67
$BDGSV,5,2,19,145,23,251,41,141,44,126,41,142,45,231,41,143,59,185,41*61
$BDGSV,5,3,19,144,31,112,41,148,52,342,41,160,52,026,41,178,55,006,41*64
$BDGSV,5,4,19,188,70,352,41,180,33,185,41,159,63,273,41,179,26,160,41*64
$BDGSV,5,5,19,169,79,184,41,170,24,147,41,175,35,317,41,,,,*6A
$GPGGA,000103.00,2813.3397233,N,11259.4852855,E,1,19,0.8,70.8758,M,-16.713,M,,*4D
$GPGSV,1,1,00,,,,,,,,,,,,,,,,*79
$BDGSV,5,1,19,147,36,197,41,156,20,165,42,150,42,213,41,153,49,320,41*64
$BDGSV,5,2,19,145,23,251,42,141,44,126,42,142,45,231,41,143,59,185,42*62
$BDGSV,5,3,19,144,31,112,42,148,52,342,41,160,52,026,41,178,55,006,41*67
$BDGSV,5,4,19,188,70,352,41,180,33,185,41,159,63,273,41,179,26,160,42*67
$BDGSV,5,5,19,169,79,184,41,170,24,147,42,175,35,317,42,,,,*6A
$GPGGA,000104.00,2813.3397231,N,11259.4852828,E,1,19,0.8,70.8752,M,-16.713,M,,*48
$GPGSV,1,1,00,,,,,,,,,,,,,,,,*79
$BDGSV,5,1,19,147,36,197,41,156,20,165,41,150,42,213,41,153,49,320,41*67
$BDGSV,5,2,19,145,23,251,41,141,44,126,41,142,45,231,41,143,59,185,41*61
$BDGSV,5,3,19,144,31,112,41,148,52,342,41,160,52,026,41,178,55,006,41*64
$BDGSV,5,4,19,188,70,352,41,180,33,185,41,159,63,273,41,179,26,160,41*64
$BDGSV,5,5,19,169,79,184,41,170,24,147,41,175,35,317,41,,,,*6A
$GPGGA,000105.00,2813.3397224,N,11259.4852806,E,1,19,0.8,70.8763,M,-16.713,M,,*43
$GPGSV,1,1,00,,,,,,,,,,,,,,,,*79
$BDGSV,5,1,19,147,36,197,41,156,20,165,41,150,42,213,41,153,49,320,41*67
$BDGSV,5,2,19,145,23,251,41,141,44,126,41,142,45,231,41,143,59,185,41*61
$BDGSV,5,3,19,144,31,112,41,148,52,342,41,160,52,026,41,178,55,006,41*64
$BDGSV,5,4,19,188,70,352,41,180,33,185,41,159,63,273,41,179,26,160,41*64
$BDGSV,5,5,19,169,79,184,41,170,24,147,41,175,35,317,41,,,,*6A
$GPGGA,000106.00,2813.3397222,N,11259.4852793,E,1,19,0.8,70.8768,M,-16.713,M,,*4E
$GPGSV,1,1,00,,,,,,,,,,,,,,,,*79
$BDGSV,5,1,19,147,36,197,42,156,20,165,41,150,42,213,41,153,49,320,41*64
$BDGSV,5,2,19,145,23,251,42,141,44,126,41,142,45,231,42,143,59,185,41*61
$BDGSV,5,3,19,144,31,112,41,148,52,342,42,160,52,026,41,178,55,006,42*64
$BDGSV,5,4,19,188,70,352,42,180,33,185,41,159,63,273,41,179,26,160,41*67
$BDGSV,5,5,19,169,79,184,41,170,24,147,41,175,35,317,41,,,,*6A
$GPGGA,000107.00,2813.3397220,N,11259.4852767,E,1,19,0.8,70.8796,M,-16.713,M,,*47
$GPGSV,1,1,00,,,,,,,,,,,,,,,,*79
$BDGSV,5,1,19,147,36,197,41,156,20,165,42,150,42,213,41,153,49,320,41*64
$BDGSV,5,2,19,145,23,251,41,141,44,126,41,142,45,231,41,143,59,185,41*61
$BDGSV,5,3,19,144,31,112,41,148,52,342,41,160,52,026,41,178,55,006,41*64
$BDGSV,5,4,19,188,70,352,41,180,33,185,41,159,63,273,41,179,26,160,41*64
$BDGSV,5,5,19,169,79,184,41,170,24,147,41,175,35,317,41,,,,*6A
$GPGGA,000108.00,2813.3397221,N,11259.4852742,E,1,19,0.8,70.8794,M,-16.713,M,,*4C
$GPGSV,1,1,00,,,,,,,,,,,,,,,,*79
$BDGSV,5,1,19,147,36,197,42,156,20,165,41,150,42,213,41,153,49,320,41*64
$BDGSV,5,2,19,145,23,251,41,141,44,126,41,142,45,231,41,143,59,185,41*61
$BDGSV,5,3,19,144,31,112,41,148,52,342,41,160,52,026,42,178,55,006,41*67
$BDGSV,5,4,19,188,70,352,41,180,33,185,41,159,63,273,41,179,26,160,41*64
$BDGSV,5,5,19,169,79,184,41,170,24,147,41,175,35,317,41,,,,*6A
$GPGGA,000109.00,2813.3397215,N,11259.4852735,E,1,19,0.8,70.8834,M,-16.713,M,,*4F
$GPGSV,1,1,00,,,,,,,,,,,,,,,,*79
$BDGSV,5,1,19,147,36,197,41,156,20,165,41,150,42,213,41,153,49,320,41*67
$BDGSV,5,2,19,145,23,251,41,141,44,126,41,142,45,231,41,143,59,185,41*61
$BDGSV,5,3,19,144,31,112,41,148,52,342,41,160,52,026,41,178,55,006,41*64
$BDGSV,5,4,19,188,70,352,41,180,33,185,41,159,63,273,41,179,26,160,41*64
$BDGSV,5,5,19,169,79,184,41,170,24,147,41,175,35,317,41,,,,*6A
$GPGGA,000110.00,2813.3397214,N,11259.4852723,E,1,19,0.8,70.8872,M,-16.713,M,,*43
$GPGSV,1,1,00,,,,,,,,,,,,,,,,*79
$BDGSV,5,1,19,147,36,197,41,156,20,165,41,150,42,213,41,153,49,320,41*67
$BDGSV,5,2,19,145,23,251,41,141,44,126,41,142,45,231,41,143,59,185,42*62
$BDGSV,5,3,19,144,31,112,41,148,52,342,41,160,52,026,41,178,55,006,41*64
$BDGSV,5,4,19,188,70,352,41,180,33,185,41,159,63,273,41,179,26,160,41*64
$BDGSV,5,5,19,169,79,184,41,170,24,147,41,175,35,317,41,,,,*6A
$GPGGA,000111.00,2813.3397215,N,11259.4852720,E,1,19,0.8,70.8864,M,-16.713,M,,*47
$GPGSV,1,1,00,,,,,,,,,,,,,,,,*79
$BDGSV,5,1,19,147,36,197,41,156,20,165,41,150,42,213,41,153,49,320,41*67
$BDGSV,5,2,19,145,23,251,41,141,44,126,41,142,45,231,41,143,59,185,41*61
$BDGSV,5,3,19,144,31,112,41,148,52,342,42,160,52,026,41,178,55,006,41*67
$BDGSV,5,4,19,188,70,352,41,180,33,185,41,159,63,273,41,179,26,160,41*64
$BDGSV,5,5,19,169,79,184,41,170,24,147,41,175,35,317,41,,,,*6A
$GPGGA,000112.00,2813.3397211,N,11259.4852722,E,1,19,0.8,70.8770,M,-16.713,M,,*48
$GPGSV,1,1,00,,,,,,,,,,,,,,,,*79
$BDGSV,5,1,19,147,36,197,41,156,20,165,42,150,42,213,41,153,49,320,41*64
$BDGSV,5,2,19,145,23,251,42,141,44,126,41,142,45,231,41,143,59,185,41*62
$BDGSV,5,3,19,144,31,112,41,148,52,342,41,160,52,026,42,178,55,006,42*64
$BDGSV,5,4,19,188,70,352,41,180,33,185,41,159,63,273,41,179,26,160,42*67
$BDGSV,5,5,19,169,79,184,41,170,24,147,42,175,35,317,42,,,,*6A
$GPGGA,000113.00,2813.3397210,N,11259.4852726,E,1,19,0.8,70.8741,M,-16.713,M,,*4E
$GPGSV,1,1,00,,,,,,,,,,,,,,,,*79
$BDGSV,5,1,19,147,36,197,41,156,20,165,41,150,42,213,41,153,49,320,41*67
$BDGSV,5,2,19,145,23,251,41,141,44,126,41,142,45,231,41,143,59,185,41*61
$BDGSV,5,3,19,144,31,112,41,148,52,342,41,160,52,026,41,178,55,006,41*64
$BDGSV,5,4,19,188,70,352,41,180,33,185,41,159,63,273,41,179,26,160,41*64
$BDGSV,5,5,19,169,79,184,41,170,24,147,42,175,35,317,41,,,,*69
$GPGGA,000114.00,2813.3397203,N,11259.4852696,E,1,19,0.8,70.8805,M,-16.713,M,,*4E
$GPGSV,1,1,00,,,,,,,,,,,,,,,,*79
$BDGSV,5,1,19,147,36,197,42,156,20,165,41,150,42,213,42,153,49,320,42*64
$BDGSV,5,2,19,145,23,251,41,141,44,126,42,142,45,231,42,143,59,185,41*61
$BDGSV,5,3,19,144,31,112,41,148,52,342,41,160,52,026,41,178,55,006,41*64
$BDGSV,5,4,19,188,70,352,41,180,33,185,42,159,63,273,42,179,26,160,41*64
$BDGSV,5,5,19,169,79,184,41,170,24,147,42,175,35,317,41,,,,*69
$GPGGA,000115.00,2813.3397198,N,11259.4852677,E,1,19,0.8,70.8845,M,-16.713,M,,*45
$GPGSV,1,1,00,,,,,,,,,,,,,,,,*79
$BDGSV,5,1,19,147,36,197,41,156,20,165,41,150,42,213,41,153,49,320,41*67
$BDGSV,5,2,19,145,23,251,41,141,44,126,42,142,45,231,41,143,59,185,42*61
$BDGSV,5,3,19,144,31,112,41,148,52,342,41,160,52,026,41,178,55,006,41*64
$BDGSV,5,4,19,188,70,352,41,180,33,185,41,159,63,273,41,179,26,160,41*64
$BDGSV,5,5,19,169,79,184,41,170,24,147,41,175,35,317,41,,,,*6A
$GPGGA,000116.00,2813.3397198,N,11259.4852690,E,1,19,0.8,70.8769,M,-16.713,M,,*4E
$GPGSV,1,1,00,,,,,,,,,,,,,,,,*79
$BDGSV,5,1,19,147,36,197,41,156,20,165,41,150,42,213,41,153,49,320,41*67
$BDGSV,5,2,19,145,23,251,41,141,44,126,42,142,45,231,41,143,59,185,42*61
$BDGSV,5,3,19,144,31,112,41,148,52,342,41,160,52,026,41,178,55,006,41*64
$BDGSV,5,4,19,188,70,352,42,180,33,185,41,159,63,273,41,179,26,160,41*67
$BDGSV,5,5,19,169,79,184,42,170,24,147,41,175,35,317,41,,,,*69
$GPGGA,000117.00,2813.3397193,N,11259.4852699,E,1,19,0.8,70.8710,M,-16.713,M,,*43
$GPGSV,1,1,00,,,,,,,,,,,,,,,,*79
$BDGSV,5,1,19,147,36,197,41,156,20,165,41,150,42,213,41,153,49,320,41*67
$BDGSV,5,2,19,145,23,251,41,141,44,126,41,142,45,231,41,143,59,185,41*61
$BDGSV,5,3,19,144,31,112,41,148,52,342,41,160,52,026,41,178,55,006,41*64
$BDGSV,5,4,19,188,70,352,41,180,33,185,41,159,63,273,41,179,26,160,41*64
$BDGSV,5,5,19,169,79,184,41,170,24,147,41,175,35,317,41,,,,*6A
$GPGGA,000118.00,2813.3397199,N,11259.4852688,E,1,19,0.8,70.8692,M,-16.713,M,,*4D
$GPGSV,1,1,00,,,,,,,,,,,,,,,,*79
$BDGSV,5,1,19,147,36,197,41,156,20,165,41,150,42,213,41,153,49,320,41*67
$BDGSV,5,2,19,145,23,251,41,141,44,126,41,142,45,231,41,143,59,185,41*61
$BDGSV,5,3,19,144,31,112,41,148,52,342,41,160,52,026,41,178,55,006,41*64
$BDGSV,5,4,19,188,70,352,41,180,33,185,41,159,63,273,41,179,26,160,41*64
$BDGSV,5,5,19,169,79,184,41,170,24,147,41,175,35,317,41,,,,*6A
$GPGGA,000119.00,2813.3397208,N,11259.4852678,E,1,19,0.8,70.8684,M,-16.713,M,,*4F
$GPGSV,1,1,00,,,,,,,,,,,,,,,,*79
$BDGSV,5,1,19,147,36,197,41,156,20,165,41,150,42,213,41,153,49,320,41*67
$BDGSV,5,2,19,145,23,251,41,141,44,126,41,142,45,231,41,143,59,185,41*61
$BDGSV,5,3,19,144,31,112,41,148,52,342,41,160,52,026,41,178,55,006,41*64
$BDGSV,5,4,19,188,70,352,41,180,33,185,41,159,63,273,41,179,26,160,41*64
$BDGSV,5,5,19,169,79,184,41,170,24,147,41,175,35,317,41,,,,*6A
$GPGGA,000120.00,2813.3397213,N,11259.4852689,E,1,19,0.8,70.8629,M,-16.713,M,,*46
$GPGSV,1,1,00,,,,,,,,,,,,,,,,*79
$BDGSV,5,1,19,147,36,197,42,156,20,165,41,150,42,213,41,153,49,320,41*64
$BDGSV,5,2,19,145,23,251,42,141,44,126,42,142,45,231,42,143,59,185,42*61
$BDGSV,5,3,19,144,31,112,41,148,52,342,41,160,52,026,41,178,55,006,41*64
$BDGSV,5,4,19,188,70,352,41,180,33,185,42,159,63,273,41,179,26,160,41*67
$BDGSV,5,5,19,169,79,184,41,170,24,147,41,175,35,317,41,,,,*6A
$GPGGA,000121.00,2813.3397220,N,11259.4852687,E,1,19,0.8,70.8559,M,-16.713,M,,*4D
$GPGSV,1,1,00,,,,,,,,,,,,,,,,*79
$BDGSV,5,1,19,147,36,197,41,156,20,165,41,150,42,213,41,153,49,320,41*67
$BDGSV,5,2,19,145,23,251,41,141,44,126,41,142,45,231,41,143,59,185,41*61
$BDGSV,5,3,19,144,31,112,41,148,52,342,41,160,52,026,41,178,55,006,41*64
$BDGSV,5,4,19,188,70,352,41,180,33,185,41,159,63,273,41,179,26,160,41*64
$BDGSV,5,5,19,169,79,184,41,170,24,147,41,175,35,317,41,,,,*6A
$GPGGA,000122.00,2813.3397224,N,11259.4852681,E,1,19,0.8,70.8485,M,-16.713,M,,*4C
$GPGSV,1,1,00,,,,,,,,,,,,,,,,*79
$BDGSV,5,1,19,147,36,197,41,156,20,165,41,150,42,213,41,153,49,320,41*67
$BDGSV,5,2,19,145,23,251,41,141,44,126,41,142,45,231,41,143,59,185,42*62
$BDGSV,5,3,19,144,31,112,41,148,52,342,41,160,52,026,41,178,55,006,41*64
$BDGSV,5,4,19,188,70,352,42,180,33,185,41,159,63,273,41,179,26,160,41*67
$BDGSV,5,5,19,169,79,184,41,170,24,147,41,175,35,317,41,,,,*6A
$GPGGA,000123.00,2813.3397219,N,11259.4852681,E,1,19,0.8,70.8397,M,-16.713,M,,*47
$GPGSV,1,1,00,,,,,,,,,,,,,,,,*79
$BDGSV,5,1,19,147,36,197,41,156,20,165,41,150,42,213,41,153,49,320,41*67
$BDGSV,5,2,19,145,23,251,41,141,44,126,41,142,45,231,42,143,59,185,42*61
$BDGSV,5,3,19,144,31,112,41,148,52,342,41,160,52,026,41,178,55,006,41*64
$BDGSV,5,4,19,188,70,352,41,180,33,185,42,159,63,273,41,179,26,160,41*67
$BDGSV,5,5,19,169,79,184,42,170,24,147,41,175,35,317,41,,,,*69
$GPGGA,000124.00,2813.3397218,N,11259.4852703,E,1,19,0.8,70.8320,M,-16.713,M,,*46
$GPGSV,1,1,00,,,,,,,,,,,,,,,,*79
$BDGSV,5,1,19,147,36,197,42,156,20,165,42,150,42,213,41,153,49,320,41*67
$BDGSV,5,2,19,145,23,251,41,141,44,126,41,142,45,231,41,143,59,185,42*62
$BDGSV,5,3,19,144,31,112,41,148,52,342,41,160,52,026,41,178,55,006,41*64
$BDGSV,5,4,19,188,70,352,41,180,33,185,42,159,63,273,42,179,26,160,42*67
$BDGSV,5,5,19,169,79,184,41,170,24,147,41,175,35,317,41,,,,*6A
$GPGGA,000125.00,2813.3397214,N,11259.4852693,E,1,19,0.8,70.8237,M,-16.713,M,,*44
$GPGSV,1,1,00,,,,,,,,,,,,,,,,*79
$BDGSV,5,1,19,147,36,197,41,156,20,165,41,150,42,213,41,153,49,320,42*64
$BDGSV,5,2,19,145,23,251,41,141,44,126,41,142,45,231,41,143,59,185,41*61
$BDGSV,5,3,19,144,31,112,41,148,52,342,41,160,52,026,41,178,55,006,41*64
$BDGSV,5,4,19,188,70,352,41,180,33,185,41,159,63,273,41,179,26,160,41*64
$BDGSV,5,5,19,169,79,184,41,170,24,147,41,175,35,317,41,,,,*6A
$GPGGA,000126.00,2813.3397220,N,11259.4852672,E,1,19,0.8,70.8228,M,-16.713,M,,*41
$GPGSV,1,1,00,,,,,,,,,,,,,,,,*79
$BDGSV,5,1,19,147,36,197,42,156,20,165,41,150,42,213,41,153,49,320,42*67
$BDGSV,5,2,19,145,23,251,41,141,44,126,41,142,45,231,42,143,59,185,42*61
$BDGSV,5,3,19,144,31,112,41,148,52,342,41,160,52,026,41,178,55,006,41*64
$BDGSV,5,4,19,188,70,352,41,180,33,185,41,159,63,273,41,179,26,160,41*64
$BDGSV,5,5,19,169,79,184,41,170,24,147,41,175,35,317,41,,,,*6A
$GPGGA,000127.00,2813.3397232,N,11259.4852661,E,1,19,0.8,70.8197,M,-16.713,M,,*46
$GPGSV,1,1,00,,,,,,,,,,,,,,,,*79
$BDGSV,5,1,19,147,36,197,41,156,20,165,41,150,42,213,41,153,49,320,41*67
$BDGSV,5,2,19,145,23,251,41,141,44,126,42,142,45,231,41,143,59,185,41*62
$BDGSV,5,3,19,144,31,112,41,148,52,342,41,160,52,026,41,178,55,006,41*64
$BDGSV,5,4,19,188,70,352,41,180,33,185,41,159,63,273,41,179,26,160,41*64
$BDGSV,5,5,19,169,79,184,41,170,24,147,42,175,35,317,41,,,,*69
$GPGGA,000128.00,2813.3397245,N,11259.4852659,E,1,19,0.8,70.8075,M,-16.713,M,,*4F
$GPGSV,1,1,00,,,,,,,,,,,,,,,,*79
$BDGSV,5,1,19,147,36,197,41,156,20,165,41,150,42,213,41,153,49,320,41*67
$BDGSV,5,2,19,145,23,251,41,141,44,126,42,142,45,231,41,143,59,185,42*61
$BDGSV,5,3,19,144,31,112,41,148,52,342,41,160,52,026,41,178,55,006,42*67
$BDGSV,5,4,19,188,70,352,41,180,33,185,41,159,63,273,41,179,26,160,42*67
$BDGSV,5,5,19,169,79,184,41,170,24,147,41,175,35,317,41,,,,*6A
$GPGGA,000129.00,2813.3397256,N,11259.4852658,E,1,19,0.8,70.8064,M,-16.713,M,,*4D
$GPGSV,1,1,00,,,,,,,,,,,,,,,,*79
$BDGSV,5,1,19,147,36,197,41,156,20,165,41,150,42,213,41,153,49,320,41*67
$BDGSV,5,2,19,145,23,251,41,141,44,126,41,142,45,231,41,143,59,185,41*61
$BDGSV,5,3,19,144,31,112,41,148,52,342,41,160,52,026,42,178,55,006,41*67
$BDGSV,5,4,19,188,70,352,41,180,33,185,41,159,63,273,41,179,26,160,42*67
$BDGSV,5,5,19,169,79,184,41,170,24,147,41,175,35,317,41,,,,*6A
$GPGGA,000130.00,2813.3397255,N,11259.4852638,E,1,19,0.8,70.8054,M,-16.713,M,,*43
$GPGSV,1,1,00,,,,,,,,,,,,,,,,*79
$BDGSV,5,1,19,147,36,197,41,156,20,165,41,150,42,213,41,153,49,320,41*67
$BDGSV,5,2,19,145,23,251,41,141,44,126,41,142,45,231,41,143,59,185,41*61
$BDGSV,5,3,19,144,31,112,41,148,52,342,41,160,52,026,41,178,55,006,41*64
$BDGSV,5,4,19,188,70,352,41,180,33,185,41,159,63,273,41,179,26,160,41*64
$BDGSV,5,5,19,169,79,184,41,170,24,147,41,175,35,317,41,,,,*6A
$GPGGA,000131.00,2813.3397249,N,11259.4852646,E,1,19,0.8,70.8002,M,-16.713,M,,*45
$GPGSV,1,1,00,,,,,,,,,,,,,,,,*79
$BDGSV,5,1,19,147,36,197,41,156,20,165,42,150,42,213,42,153,49,320,41*67
$BDGSV,5,2,19,145,23,251,41,141,44,126,41,142,45,231,42,143,59,185,41*62
$BDGSV,5,3,19,144,31,112,42,148,52,342,41,160,52,026,41,178,55,006,41*67
$BDGSV,5,4,19,188,70,352,41,180,33,185,41,159,63,273,42,179,26,160,41*67
$BDGSV,5,5,19,169,79,184,41,170,24,147,41,175,35,317,41,,,,*6A
$GPGGA,000132.00,2813.3397253,N,11259.4852656,E,1,19,0.8,70.7919,M,-16.713,M,,*40
$GPGSV,1,1,00,,,,,,,,,,,,,,,,*79
$BDGSV,5,1,19,147,36,197,41,156,20,165,41,150,42,213,41,153,49,320,41*67
$BDGSV,5,2,19,145,23,251,41,141,44,126,41,142,45,231,41,143,59,185,41*61
$BDGSV,5,3,19,144,31,112,41,148,52,342,41,160,52,026,41,178,55,006,41*64
$BDGSV,5,4,19,188,70,352,41,180,33,185,41,159,63,274,41,179,26,160,41*63
$BDGSV,5,5,19,169,79,184,41,170,24,147,41,175,35,317,41,,,,*6A
$GPGGA,000133.00,2813.3397248,N,11259.4852654,E,1,19,0.8,70.7952,M,-16.713,M,,*46
$GPGSV,1,1,00,,,,,,,,,,,,,,,,*79
$BDGSV,5,1,19,147,36,197,41,156,20,165,41,150,42,213,41,153,49,320,41*67
$BDGSV,5,2,19,145,23,251,42,141,44,126,41,142,45,231,41,143,59,185,41*62
$BDGSV,5,3,19,144,31,112,42,148,51,342,41,160,52,026,41,178,55,006,41*64
$BDGSV,5,4,19,188,70,352,41,180,33,185,41,159,63,274,41,179,26,160,42*60
$BDGSV,5,5,19,169,79,184,41,170,24,147,41,175,35,317,41,,,,*6A
$GPGGA,000134.00,2813.3397252,N,11259.4852635,E,1,19,0.8,70.7915,M,-16.713,M,,*4E
$GPGSV,1,1,00,,,,,,,,,,,,,,,,*79
$BDGSV,5,1,19,147,36,197,41,156,20,165,41,150,42,213,41,153,49,320,41*67
$BDGSV,5,2,19,145,23,251,41,141,44,126,41,142,45,231,41,143,59,185,41*61
$BDGSV,5,3,19,144,31,112,41,148,51,342,41,160,52,026,41,178,55,006,41*67
$BDGSV,5,4,19,188,70,352,41,180,33,185,41,159,63,274,41,179,26,160,41*63
$BDGSV,5,5,19,169,79,184,41,170,24,147,41,175,35,317,41,,,,*6A
$GPGGA,000135.00,2813.3397254,N,11259.4852633,E,1,19,0.8,70.7868,M,-16.713,M,,*44
$GPGSV,1,1,00,,,,,,,,,,,,,,,,*79
$BDGSV,5,1,19,147,36,197,41,156,20,165,41,150,42,213,41,153,49,320,41*67
$BDGSV,5,2,19,145,23,251,41,141,44,126,41,142,45,231,41,143,59,185,41*61
$BDGSV,5,3,19,144,31,112,41,148,51,342,41,160,52,026,41,178,55,006,41*67
$BDGSV,5,4,19,188,70,352,41,180,33,185,41,159,63,274,41,179,26,160,41*63
$BDGSV,5,5,19,169,79,184,41,170,24,147,41,175,35,317,41,,,,*6A
$GPGGA,000136.00,2813.3397251,N,11259.4852616,E,1,19,0.8,70.7851,M,-16.713,M,,*4F
$GPGSV,1,1,00,,,,,,,,,,,,,,,,*79
$BDGSV,5,1,19,147,36,197,41,156,20,165,41,150,42,213,41,153,49,320,42*64
$BDGSV,5,2,19,145,23,251,42,141,44,126,41,142,45,231,41,143,59,185,41*62
$BDGSV,5,3,19,144,31,112,42,148,51,342,41,160,52,026,41,178,55,006,42*67
$BDGSV,5,4,19,188,70,352,41,180,33,185,41,159,63,274,41,179,26,160,41*63
$BDGSV,5,5,19,169,79,184,41,170,24,147,41,175,35,317,41,,,,*6A
$GPGGA,000137.00,2813.3397253,N,11259.4852628,E,1,19,0.8,70.7774,M,-16.713,M,,*49
$GPGSV,1,1,00,,,,,,,,,,,,,,,,*79
$BDGSV,5,1,19,147,36,197,41,156,20,165,41,150,42,213,41,153,49,320,41*67
$BDGSV,5,2,19,145,23,251,41,141,44,126,41,142,45,231,41,143,59,185,41*61
$BDGSV,5,3,19,144,31,112,42,148,51,342,41,160,52,026,41,178,55,006,41*64
$BDGSV,5,4,19,188,70,352,41,180,33,185,42,159,63,274,41,179,26,160,41*60
$BDGSV,5,5,19,169,79,184,41,170,24,147,41,175,35,317,41,,,,*6A
$GPGGA,000138.00,2813.3397249,N,11259.4852643,E,1,19,0.8,70.7717,M,-16.713,M,,*45
$GPGSV,1,1,00,,,,,,,,,,,,,,,,*79
$BDGSV,5,1,19,147,36,197,42,156,20,165,42,150,42,213,41,153,49,320,42*64
$BDGSV,5,2,19,145,23,251,41,141,44,126,42,142,45,231,42,143,59,185,42*62
$BDGSV,5,3,19,144,31,112,41,148,51,342,41,160,52,026,41,178,55,006,41*67
$BDGSV,5,4,19,188,70,352,41,180,33,185,42,159,63,274,41,179,26,160,41*60
$BDGSV,5,5,19,169,79,184,41,170,24,147,41,175,35,317,42,,,,*69
$GPGGA,000139.00,2813.3397248,N,11259.4852642,E,1,19,0.8,70.7652,M,-16.713,M,,*44
$GPGSV,1,1,00,,,,,,,,,,,,,,,,*79
$BDGSV,5,1,19,147,36,197,41,156,20,165,41,150,42,213,42,153,49,320,41*64
$BDGSV,5,2,19,145,23,251,41,141,44,126,42,142,45,231,41,143,59,185,42*61
$BDGSV,5,3,19,144,31,112,41,148,51,342,47,160,52,026,41,178,55,006,41*61
$BDGSV,5,4,19,188,70,352,41,180,33,185,41,159,63,274,41,179,26,160,41*63
$BDGSV,5,5,19,169,79,184,42,170,24,147,41,175,35,317,41,,,,*69
$GPGGA,000140.00,2813.3397257,N,11259.4852639,E,1,18,0.8,70.7641,M,-16.713,M,,*4B
$GPGSV,1,1,00,,,,,,,,,,,,,,,,*79
$BDGSV,5,1,18,147,36,197,41,156,20,165,41,150,42,213,42,153,49,320,41*65
$BDGSV,5,2,18,145,23,251,41,141,44,126,41,142,45,231,41,143,59,185,42*63
$BDGSV,5,3,18,144,31,112,41,160,52,026,42,178,55,006,41,188,70,352,41*6B
$BDGSV,5,4,18,180,33,185,41,159,63,274,42,179,26,160,42,169,79,184,41*6D
$BDGSV,5,5,18,170,24,147,42,175,35,317,41,,,,,,,,*60
$GPGGA,000141.00,2813.3397269,N,11259.4852630,E,1,19,0.8,70.7592,M,-16.713,M,,*42
$GPGSV,1,1,00,,,,,,,,,,,,,,,,*79
$BDGSV,5,1,19,147,36,197,41,156,20,165,41,150,42,213,41,153,49,320,41*67
$BDGSV,5,2,19,145,23,251,41,141,44,126,41,142,45,231,41,143,59,185,41*61
$BDGSV,5,3,19,144,31,112,41,148,51,342,41,160,52,026,42,178,55,006,41*64
$BDGSV,5,4,19,188,70,352,41,180,33,185,41,159,63,274,41,179,26,160,41*63
$BDGSV,5,5,19,169,79,184,41,170,24,147,41,175,35,317,42,,,,*69
$GPGGA,000142.00,2813.3397276,N,11259.4852652,E,1,19,0.8,70.7514,M,-16.713,M,,*45
$GPGSV,1,1,00,,,,,,,,,,,,,,,,*79
$BDGSV,5,1,19,147,36,197,41,156,20,165,41,150,42,213,41,153,49,320,41*67
$BDGSV,5,2,19,145,23,251,41,141,44,126,41,142,45,231,42,143,59,185,41*62
$BDGSV,5,3,19,144,31,112,42,148,51,342,42,160,52,026,41,178,55,006,41*67
$BDGSV,5,4,19,188,70,352,41,180,33,185,41,159,63,274,41,179,26,160,41*63
$BDGSV,5,5,19,169,79,184,41,170,24,147,41,175,35,317,41,,,,*6A
$GPGGA,000143.00,2813.3397275,N,11259.4852636,E,1,19,0.8,70.7488,M,-16.713,M,,*41
$GPGSV,1,1,00,,,,,,,,,,,,,,,,*79
$BDGSV,5,1,19,147,36,197,41,156,20,165,41,150,42,213,41,153,49,320,41*67
$BDGSV,5,2,19,145,23,251,41,141,44,126,41,142,45,231,41,143,59,185,41*61
$BDGSV,5,3,19,144,31,112,41,148,51,342,41,160,52,026,41,178,55,006,41*67
$BDGSV,5,4,19,188,70,352,41,180,33,185,41,159,63,274,41,179,26,160,41*63
$BDGSV,5,5,19,169,79,184,41,170,24,147,41,175,35,317,41,,,,*6A
$GPGGA,000144.00,2813.3397264,N,11259.4852610,E,1,19,0.8,70.7552,M,-16.713,M,,*44
$GPGSV,1,1,00,,,,,,,,,,,,,,,,*79
$BDGSV,5,1,19,147,36,197,41,156,20,165,41,150,42,213,41,153,49,320,41*67
$BDGSV,5,2,19,145,23,251,41,141,44,126,42,142,45,231,42,143,59,185,41*61
$BDGSV,5,3,19,144,31,112,41,148,51,342,41,160,52,026,41,178,55,006,42*64
$BDGSV,5,4,19,188,70,352,42,180,33,185,41,159,63,274,41,179,26,160,41*60
$BDGSV,5,5,19,169,79,184,42,170,24,147,41,175,35,317,41,,,,*69
$GPGGA,000145.00,2813.3397264,N,11259.4852596,E,1,19,0.8,70.7566,M,-16.713,M,,*4F
$GPGSV,1,1,00,,,,,,,,,,,,,,,,*79
$BDGSV,5,1,19,147,36,197,41,156,20,165,41,150,42,213,41,153,49,320,41*67
$BDGSV,5,2,19,145,23,251,42,141,44,126,41,142,45,231,41,143,59,185,42*61
$BDGSV,5,3,19,144,31,112,41,148,51,342,41,160,52,026,41,178,55,006,41*67
$BDGSV,5,4,19,188,70,353,41,180,33,185,41,159,63,274,41,179,26,160,41*62
$BDGSV,5,5,19,169,79,184,41,170,24,147,41,175,35,317,41,,,,*6A
$GPGGA,000146.00,2813.3397273,N,11259.4852591,E,1,19,0.8,70.7508,M,-16.713,M,,*45
$GPGSV,1,1,00,,,,,,,,,,,,,,,,*79
$BDGSV,5,1,19,147,36,197,41,156,20,165,41,150,42,213,41,153,49,320,41*67
$BDGSV,5,2,19,145,23,251,41,141,44,126,41,142,45,231,41,143,59,185,41*61
$BDGSV,5,3,19,144,31,112,41,148,51,342,41,160,52,026,41,178,55,006,41*67
$BDGSV,5,4,19,188,70,353,41,180,33,185,41,159,63,274,41,179,26,160,41*62
$BDGSV,5,5,19,169,79,184,41,170,24,147,42,175,35,317,42,,,,*6A
$GPGGA,000147.00,2813.3397279,N,11259.4852575,E,1,19,0.8,70.7530,M,-16.713,M,,*4F
$GPGSV,1,1,00,,,,,,,,,,,,,,,,*79
$BDGSV,5,1,19,147,36,197,42,156,20,165,41,150,42,213,41,153,49,320,41*64
$BDGSV,5,2,19,145,23,251,41,141,44,126,41,142,45,231,41,143,59,185,41*61
$BDGSV,5,3,19,144,31,112,42,148,51,342,41,160,52,026,41,178,55,006,41*64
$BDGSV,5,4,19,188,70,353,41,180,33,185,41,159,63,274,41,179,26,160,41*62
$BDGSV,5,5,19,169,79,184,41,170,24,147,41,175,35,317,41,,,,*6A
$GPGGA,000148.00,2813.3397274,N,11259.4852548,E,1,19,0.8,70.7519,M,-16.713,M,,*48
$GPGSV,1,1,00,,,,,,,,,,,,,,,,*79
$BDGSV,5,1,19,147,36,197,41,156,20,165,41,150,42,213,42,153,49,320,41*64
$BDGSV,5,2,19,145,23,251,41,141,44,126,41,142,45,231,41,143,59,185,41*61
$BDGSV,5,3,19,144,31,112,41,148,51,342,41,160,52,026,41,178,55,006,41*67
$BDGSV,5,4,19,188,70,353,41,180,33,185,41,159,63,274,41,179,26,160,41*62
$BDGSV,5,5,19,169,79,184,41,170,24,147,42,175,35,317,41,,,,*69
$GPGGA,000149.00,2813.3397271,N,11259.4852518,E,1,19,0.8,70.7531,M,-16.713,M,,*43
$GPGSV,1,1,00,,,,,,,,,,,,,,,,*79
$BDGSV,5,1,19,147,36,197,41,156,20,165,41,150,42,213,41,153,49,320,41*67
$BDGSV,5,2,19,145,23,251,41,141,44,126,41,142,45,231,42,143,59,185,41*62
$BDGSV,5,3,19,144,31,112,41,148,51,342,41,160,52,026,41,178,55,006,41*67
$BDGSV,5,4,19,188,70,353,41,180,33,185,41,159,63,274,41,179,26,160,41*62
$BDGSV,5,5,19,169,79,184,41,170,24,147,41,175,35,317,41,,,,*6A
$GPGGA,000150.00,2813.3397273,N,11259.4852514,E,1,19,0.8,70.7470,M,-16.713,M,,*41
$GPGSV,1,1,00,,,,,,,,,,,,,,,,*79
$BDGSV,5,1,19,147,36,197,42,156,20,165,41,150,42,213,41,153,49,320,41*64
$BDGSV,5,2,19,145,23,251,41,141,44,126,41,142,45,231,41,143,59,185,41*61
$BDGSV,5,3,19,144,31,112,42,148,51,342,41,160,52,026,41,178,55,006,41*64
$BDGSV,5,4,19,188,70,353,42,180,33,185,42,159,63,274,41,179,26,160,42*61
$BDGSV,5,5,19,169,79,184,42,170,24,147,41,175,35,317,41,,,,*69
$GPGGA,000151.00,2813.3397277,N,11259.4852514,E,1,19,0.8,70.7459,M,-16.713,M,,*4F
$GPGSV,1,1,00,,,,,,,,,,,,,,,,*79
$BDGSV,5,1,19,147,36,197,42,156,20,165,41,150,42,213,41,153,49,320,41*64
$BDGSV,5,2,19,145,23,251,41,141,44,126,41,142,45,231,41,143,59,185,41*61
$BDGSV,5,3,19,144,31,112,41,148,51,342,41,160,52,026,41,178,55,006,41*67
$BDGSV,5,4,19,188,70,353,41,180,33,185,41,159,63,274,41,179,26,160,41*62
$BDGSV,5,5,19,169,79,184,41,170,24,147,42,175,35,317,41,,,,*69
$GPGGA,000152.00,2813.3397277,N,11259.4852509,E,1,19,0.8,70.7490,M,-16.713,M,,*45
$GPGSV,1,1,00,,,,,,,,,,,,,,,,*79
$BDGSV,5,1,19,147,36,197,42,156,20,165,41,150,42,213,42,153,49,320,41*67
$BDGSV,5,2,19,145,23,251,41,141,44,126,42,142,45,231,41,143,59,185,41*62
$BDGSV,5,3,19,144,31,112,42,148,51,342,41,160,52,026,41,178,55,006,41*64
$BDGSV,5,4,19,188,70,353,41,180,33,185,41,159,63,274,41,179,26,160,41*62
$BDGSV,5,5,19,169,79,184,41,170,24,147,41,175,35,317,41,,,,*6A
$GPGGA,000153.00,2813.3397278,N,11259.4852510,E,1,19,0.8,70.7496,M,-16.713,M,,*45
$GPGSV,1,1,00,,,,,,,,,,,,,,,,*79
$BDGSV,5,1,19,147,36,197,41,156,20,165,41,150,42,213,42,153,49,320,41*64
$BDGSV,5,2,19,145,23,251,41,141,44,126,41,142,45,231,41,143,59,185,41*61
$BDGSV,5,3,19,144,31,112,41,148,51,342,41,160,52,026,41,178,55,006,41*67
$BDGSV,5,4,19,188,70,353,41,180,33,185,42,159,63,274,41,179,26,160,41*61
$BDGSV,5,5,19,169,79,184,41,170,24,147,41,175,35,317,41,,,,*6A
$GPGGA,000154.00,2813.3397276,N,11259.4852528,E,1,19,0.8,70.7406,M,-16.713,M,,*4E
$GPGSV,1,1,00,,,,,,,,,,,,,,,,*79
$BDGSV,5,1,19,147,36,197,42,156,20,165,41,150,42,213,41,153,49,320,42*67
$BDGSV,5,2,19,145,23,251,41,141,44,126,41,142,45,231,42,143,59,185,41*62
$BDGSV,5,3,19,144,31,112,41,148,51,342,41,160,52,026,41,178,55,006,41*67
$BDGSV,5,4,19,188,70,353,41,180,33,185,41,159,63,274,42,179,26,160,41*61
$BDGSV,5,5,19,169,79,184,41,170,24,147,42,175,35,317,42,,,,*6A
$GPGGA,000155.00,2813.3397280,N,11259.4852535,E,1,19,0.8,70.7380,M,-16.713,M,,*43
$GPGSV,1,1,00,,,,,,,,,,,,,,,,*79
$BDGSV,5,1,19,147,36,197,41,156,20,165,41,150,42,213,41,153,49,320,41*67
$BDGSV,5,2,19,145,23,251,41,141,44,126,41,142,45,231,41,143,59,185,41*61
$BDGSV,5,3,19,144,31,112,41,148,51,342,41,160,52,026,41,178,55,006,41*67
$BDGSV,5,4,19,188,70,353,41,180,33,185,41,159,63,274,41,179,26,160,41*62
$BDGSV,5,5,19,169,79,184,41,170,24,147,41,175,35,317,41,,,,*6A
$GPGGA,000156.00,2813.3397283,N,11259.4852521,E,1,19,0.8,70.7415,M,-16.713,M,,*4D
$GPGSV,1,1,00,,,,,,,,,,,,,,,,*79
$BDGSV,5,1,19,147,36,197,41,156,20,165,41,150,42,213,42,153,49,320,41*64
$BDGSV,5,2,19,145,23,251,41,141,44,126,42,142,45,231,42,143,59,185,41*61
$BDGSV,5,3,19,144,31,112,41,148,51,342,41,160,52,026,42,178,55,006,41*64
$BDGSV,5,4,19,188,70,353,41,180,33,185,41,159,63,274,41,179,26,160,42*61
$BDGSV,5,5,19,169,79,184,41,170,24,147,41,175,35,317,41,,,,*6A
$GPGGA,000157.00,2813.3397283,N,11259.4852512,E,1,19,0.8,70.7370,M,-16.713,M,,*48
$GPGSV,1,1,00,,,,,,,,,,,,,,,,*79
$BDGSV,5,1,19,147,36,197,41,156,20,165,41,150,42,213,41,153,49,320,41*67
$BDGSV,5,2,19,145,23,251,41,141,44,126,42,142,45,231,41,143,59,185,41*62
$BDGSV,5,3,19,144,31,112,41,148,51,342,41,160,52,026,41,178,55,006,41*67
$BDGSV,5,4,19,188,70,353,41,180,33,185,41,159,63,274,41,179,26,160,41*62
$BDGSV,5,5,19,169,79,184,41,170,24,147,41,175,35,317,41,,,,*6A
$GPGGA,000158.00,2813.3397276,N,11259.4852528,E,1,19,0.8,70.7321,M,-16.713,M,,*40
$GPGSV,1,1,00,,,,,,,,,,,,,,,,*79
$BDGSV,5,1,19,147,36,197,41,156,20,165,41,150,42,213,41,153,49,320,41*67
$BDGSV,5,2,19,145,23,251,41,141,44,126,41,142,45,231,42,143,59,185,42*61
$BDGSV,5,3,19,144,31,112,41,148,51,342,41,160,52,026,41,178,55,006,41*67
$BDGSV,5,4,19,188,70,353,41,180,33,185,41,159,63,274,41,179,26,160,41*62
$BDGSV,5,5,19,169,79,184,41,170,24,147,41,175,35,317,41,,,,*6A
$GPGGA,000159.00,2813.3397273,N,11259.4852511,E,1,19,0.8,70.7288,M,-16.713,M,,*4C
$GPGSV,1,1,00,,,,,,,,,,,,,,,,*79
$BDGSV,5,1,19,147,36,197,41,156,20,165,41,150,42,213,41,153,49,320,41*67
$BDGSV,5,2,19,145,23,251,41,141,44,126,41,142,45,231,41,143,59,185,42*62
$BDGSV,5,3,19,144,31,112,41,148,51,342,41,160,52,026,41,178,55,006,41*67
$BDGSV,5,4,19,188,70,353,41,180,33,185,41,159,63,274,42,179,26,160,41*61
$BDGSV,5,5,19,169,79,184,41,170,24,147,41,175,35,317,41,,,,*6A
$GPGGA,000200.00,2813.3397275,N,11259.4852498,E,1,19,0.8,70.7299,M,-16.713,M,,*45
$GPGSV,1,1,00,,,,,,,,,,,,,,,,*79
$BDGSV,5,1,19,147,36,197,41,156,20,165,41,150,42,213,41,153,49,320,41*67
$BDGSV,5,2,19,145,23,251,41,141,44,126,42,142,45,231,41,143,59,185,41*62
$BDGSV,5,3,19,144,31,112,41,148,51,342,41,160,52,026,41,178,55,006,41*67
$BDGSV,5,4,19,188,70,353,41,180,33,185,41,159,63,274,41,179,26,160,41*62
$BDGSV,5,5,19,169,79,184,41,170,24,147,41,175,35,317,41,,,,*6A
$GPGGA,000201.00,2813.3397271,N,11259.4852495,E,1,19,0.8,70.7267,M,-16.713,M,,*4C
$GPGSV,1,1,00,,,,,,,,,,,,,,,,*79
$BDGSV,5,1,19,147,36,197,41,156,20,165,41,150,42,213,41,153,49,320,41*67
$BDGSV,5,2,19,145,23,251,41,141,44,126,41,142,45,231,41,143,59,185,41*61
$BDGSV,5,3,19,144,31,112,41,148,51,342,41,160,52,026,41,178,55,006,41*67
$BDGSV,5,4,19,188,70,353,41,180,33,185,41,159,63,274,41,179,26,160,41*62
$BDGSV,5,5,19,169,79,184,41,170,24,147,41,175,35,317,41,,,,*6A
$GPGGA,000202.00,2813.3397270,N,11259.4852477,E,1,19,0.8,70.7299,M,-16.713,M,,*43
$GPGSV,1,1,00,,,,,,,,,,,,,,,,*79
$BDGSV,5,1,19,147,36,197,41,156,20,165,41,150,42,213,41,153,49,320,41*67
$BDGSV,5,2,19,145,23,251,41,141,44,126,41,142,45,231,41,143,59,185,41*61
$BDGSV,5,3,19,144,31,112,41,148,51,342,41,160,52,026,41,178,55,006,41*67
$BDGSV,5,4,19,188,70,353,41,180,33,185,41,159,63,274,41,179,26,160,41*62
$BDGSV,5,5,19,169,79,184,41,170,24,147,41,175,35,317,41,,,,*6A
$GPGGA,000203.00,2813.3397261,N,11259.4852461,E,1,19,0.8,70.7356,M,-16.713,M,,*47
$GPGSV,1,1,00,,,,,,,,,,,,,,,,*79
$BDGSV,5,1,19,147,36,197,41,156,20,165,41,150,42,213,41,153,49,320,41*67
$BDGSV,5,2,19,145,23,251,41,141,44,126,41,142,45,231,41,143,59,185,41*61
$BDGSV,5,3,19,144,31,112,41,148,51,342,41,160,52,026,41,178,55,006,41*67
$BDGSV,5,4,19,188,70,353,41,180,33,185,41,159,63,274,41,179,26,160,41*62
$BDGSV,5,5,19,169,79,184,41,170,24,147,41,175,35,317,41,,,,*6A
$GPGGA,000204.00,2813.3397265,N,11259.4852474,E,1,19,0.8,70.7319,M,-16.713,M,,*4B
$GPGSV,1,1,00,,,,,,,,,,,,,,,,*79
$BDGSV,5,1,19,147,36,197,42,156,20,165,41,150,42,213,41,153,49,320,41*64
$BDGSV,5,2,19,145,23,251,41,141,44,126,41,142,45,231,41,143,59,185,42*62
$BDGSV,5,3,19,144,31,112,41,148,51,342,41,160,52,026,41,178,55,006,41*67
$BDGSV,5,4,19,188,70,353,41,180,33,185,41,159,63,274,41,179,26,160,41*62
$BDGSV,5,5,19,169,79,184,41,170,24,147,41,175,35,317,41,,,,*6A
$GPGGA,000205.00,2813.3397275,N,11259.4852487,E,1,19,0.8,70.7258,M,-16.713,M,,*43
$GPGSV,1,1,00,,,,,,,,,,,,,,,,*79
$BDGSV,5,1,19,147,36,197,41,156,20,165,41,150,42,213,41,153,49,320,41*67
$BDGSV,5,2,19,145,23,251,41,141,44,126,41,142,45,231,41,143,59,185,41*61
$BDGSV,5,3,19,144,31,112,41,148,51,342,41,160,52,026,41,178,55,006,41*67
$BDGSV,5,4,19,188,70,353,41,180,33,185,41,159,63,274,41,179,26,160,41*62
$BDGSV,5,5,19,169,79,184,41,170,24,147,41,175,35,317,41,,,,*6A
$GPGGA,000206.00,2813.3397273,N,11259.4852480,E,1,19,0.8,70.7205,M,-16.713,M,,*49
$GPGSV,1,1,00,,,,,,,,,,,,,,,,*79
$BDGSV,5,1,19,147,36,197,41,156,20,165,41,150,42,213,41,153,49,320,41*67
$BDGSV,5,2,19,145,23,251,41,141,44,126,41,142,45,231,41,143,59,185,41*61
$BDGSV,5,3,19,144,31,112,40,148,51,342,41,160,52,026,41,178,55,006,41*66
$BDGSV,5,4,19,188,70,353,41,180,32,185,41,159,63,274,41,179,26,160,41*63
$BDGSV,5,5,19,169,79,184,41,170,24,147,41,175,35,317,41,,,,*6A
$GPGGA,000207.00,2813.3397278,N,11259.4852486,E,1,19,0.8,70.7089,M,-16.713,M,,*43
$GPGSV,1,1,00,,,,,,,,,,,,,,,,*79
$BDGSV,5,1,19,147,36,197,41,156,20,165,41,150,42,213,41,153,49,320,41*67
$BDGSV,5,2,19,145,23,251,41,141,44,126,41,142,45,231,41,143,59,185,41*61
$BDGSV,5,3,19,144,31,112,41,148,51,342,41,160,52,026,41,178,55,006,41*67
$BDGSV,5,4,19,188,70,353,41,180,32,185,41,159,63,274,41,179,26,160,41*63
$BDGSV,5,5,19,169,79,184,41,170,24,147,41,175,35,317,41,,,,*6A
$GPGGA,000208.00,2813.3397282,N,11259.4852493,E,1,19,0.8,70.7034,M,-16.713,M,,*4B
$GPGSV,1,1,00,,,,,,,,,,,,,,,,*79
$BDGSV,5,1,19,147,36,197,41,156,20,165,41,150,42,213,41,153,49,320,41*67
$BDGSV,5,2,19,145,23,251,41,141,44,126,41,142,45,231,41,143,59,185,41*61
$BDGSV,5,3,19,144,31,112,41,148,51,342,41,160,52,026,40,178,55,006,41*66
$BDGSV,5,4,19,188,70,353,41,180,32,185,41,159,63,274,41,179,26,160,41*63
$BDGSV,5,5,19,169,79,184,41,170,24,147,41,175,35,317,41,,,,*6A
$GPGGA,000209.00,2813.3397278,N,11259.4852479,E,1,19,0.8,70.7035,M,-16.713,M,,*4A
$GPGSV,1,1,00,,,,,,,,,,,,,,,,*79
$BDGSV,5,1,19,147,36,197,41,156,20,165,41,150,42,213,41,153,49,320,41*67
$BDGSV,5,2,19,145,23,251,41,141,44,126,41,142,45,231,41,143,59,185,41*61
$BDGSV,5,3,19,144,31,112,41,148,51,342,41,160,52,026,41,178,55,006,41*67
$BDGSV,5,4,19,188,70,353,41,180,32,185,41,159,63,274,41,179,26,160,41*63
$BDGSV,5,5,19,169,79,184,41,170,24,147,41,175,35,317,41,,,,*6A
$GPGGA,000210.00,2813.3397284,N,11259.4852483,E,1,19,0.8,70.6955,M,-16.713,M,,*4A
$GPGSV,1,1,00,,,,,,,,,,,,,,,,*79
$BDGSV,5,1,19,147,36,197,41,156,20,165,41,150,42,213,41,153,49,320,41*67
$BDGSV,5,2,19,145,23,251,41,141,44,126,41,142,45,231,41,143,59,185,41*61
$BDGSV,5,3,19,144,31,112,41,148,51,342,41,160,52,026,41,178,55,006,41*67
$BDGSV,5,4,19,188,70,353,41,180,32,185,41,159,63,274,41,179,26,160,42*60
$BDGSV,5,5,19,169,79,184,41,170,24,147,41,175,35,317,41,,,,*6A
$GPGGA,000211.00,2813.3397274,N,11259.4852493,E,1,19,0.8,70.6895,M,-16.713,M,,*48
$GPGSV,1,1,00,,,,,,,,,,,,,,,,*79
$BDGSV,5,1,19,147,36,197,41,156,20,165,41,150,42,213,41,153,49,320,41*67
$BDGSV,5,2,19,145,23,251,41,141,44,126,41,142,45,231,41,143,59,185,41*61
$BDGSV,5,3,19,144,31,112,41,148,51,342,41,160,52,026,41,178,55,006,41*67
$BDGSV,5,4,19,188,70,353,41,180,32,185,41,159,63,274,41,179,26,160,41*63
$BDGSV,5,5,19,169,79,184,42,170,24,147,41,175,35,317,41,,,,*69
$GPGGA,000212.00,2813.3397278,N,11259.4852485,E,1,19,0.8,70.6853,M,-16.713,M,,*4A
$GPGSV,1,1,00,,,,,,,,,,,,,,,,*79
$BDGSV,5,1,19,147,36,197,41,156,20,165,41,150,42,213,41,153,49,320,41*67
$BDGSV,5,2,19,145,23,251,41,141,44,126,41,142,45,231,41,143,59,185,41*61
$BDGSV,5,3,19,144,31,112,41,148,51,342,41,160,52,026,41,178,55,006,41*67
$BDGSV,5,4,19,188,70,353,41,180,32,185,41,159,63,274,41,179,26,160,41*63
$BDGSV,5,5,19,169,79,184,41,170,24,147,41,175,35,317,41,,,,*6A
$GPGGA,000213.00,2813.3397280,N,11259.4852452,E,1,19,0.8,70.6826,M,-16.713,M,,*44
$GPGSV,1,1,00,,,,,,,,,,,,,,,,*79
$BDGSV,5,1,19,147,36,197,42,156,20,165,41,150,42,213,41,153,49,320,41*64
$BDGSV,5,2,19,145,23,251,41,141,44,126,42,142,45,231,41,143,59,185,41*62
$BDGSV,5,3,19,144,31,112,41,148,51,342,41,160,52,026,42,178,55,006,42*67
$BDGSV,5,4,19,188,70,353,41,180,32,185,41,159,63,274,41,179,26,160,41*63
$BDGSV,5,5,19,169,79,184,41,170,24,147,41,175,35,317,41,,,,*6A
$GPGGA,000214.00,2813.3397283,N,11259.4852439,E,1,19,0.8,70.6799,M,-16.713,M,,*46
$GPGSV,1,1,00,,,,,,,,,,,,,,,,*79
$BDGSV,5,1,19,147,36,197,41,156,20,165,41,150,42,213,41,153,49,320,41*67
$BDGSV,5,2,19,145,23,251,41,141,44,126,41,142,45,231,41,143,59,185,41*61
$BDGSV,5,3,19,144,31,112,41,148,51,342,41,160,52,026,41,178,55,006,42*64
$BDGSV,5,4,19,188,70,353,41,180,32,185,41,159,63,274,41,179,26,160,41*63
$BDGSV,5,5,19,169,79,184,41,170,24,147,41,175,35,317,41,,,,*6A
$GPGGA,000215.00,2813.3397294,N,11259.4852430,E,1,19,0.8,70.6694,M,-16.713,M,,*44
$GPGSV,1,1,00,,,,,,,,,,,,,,,,*79
$BDGSV,5,1,19,147,36,197,41,156,20,165,41,150,42,213,41,153,49,320,41*67
$BDGSV,5,2,19,145,23,251,41,141,44,126,41,142,45,231,41,143,59,185,41*61
$BDGSV,5,3,19,144,31,112,41,148,51,342,41,160,52,026,42,178,55,006,41*64
$BDGSV,5,4,19,188,70,353,41,180,32,185,41,159,63,274,42,179,26,160,41*60
$BDGSV,5,5,19,169,79,184,41,170,24,147,41,175,35,317,41,,,,*6A
$GPGGA,000216.00,2813.3397290,N,11259.4852414,E,1,19,0.8,70.6743,M,-16.713,M,,*4E
$GPGSV,1,1,00,,,,,,,,,,,,,,,,*79
$BDGSV,5,1,19,147,36,197,41,156,20,165,41,150,42,213,41,153,49,320,41*67
$BDGSV,5,2,19,145,23,251,41,141,44,126,41,142,45,231,41,143,59,185,41*61
$BDGSV,5,3,19,144,31,112,41,148,51,342,41,160,52,026,41,178,55,006,41*67
$BDGSV,5,4,19,188,70,353,41,180,32,185,41,159,63,274,41,179,26,160,41*63
$BDGSV,5,5,19,169,79,184,41,170,24,147,41,175,35,317,41,,,,*6A
$GPGGA,000217.00,2813.3397286,N,11259.4852392,E,1,19,0.8,70.6752,M,-16.713,M,,*41
$GPGSV,1,1,00,,,,,,,,,,,,,,,,*79
$BDGSV,5,1,19,147,36,197,41,156,20,165,41,150,42,213,41,153,49,320,41*67
$BDGSV,5,2,19,145,23,251,42,141,44,126,41,142,45,231,41,143,59,185,41*62
$BDGSV,5,3,19,144,31,112,41,148,51,342,41,160,52,026,41,178,55,006,41*67
$BDGSV,5,4,19,188,70,353,41,180,32,185,41,159,63,274,41,179,26,160,41*63
$BDGSV,5,5,19,169,79,184,41,170,24,147,41,175,35,317,41,,,,*6A
$GPGGA,000218.00,2813.3397282,N,11259.4852378,E,1,19,0.8,70.6751,M,-16.713,M,,*4D
$GPGSV,1,1,00,,,,,,,,,,,,,,,,*79
$BDGSV,5,1,19,147,36,197,41,156,20,165,41,150,42,213,41,153,49,320,41*67
$BDGSV,5,2,19,145,23,251,41,141,44,126,41,142,45,231,41,143,59,185,41*61
$BDGSV,5,3,19,144,31,112,41,148,51,342,41,160,52,026,41,178,55,006,41*67
$BDGSV,5,4,19,188,70,353,41,180,32,185,41,159,63,274,41,179,26,160,41*63
$BDGSV,5,5,19,169,79,184,41,170,24,147,41,175,35,317,41,,,,*6A
$GPGGA,000219.00,2813.3397285,N,11259.4852381,E,1,19,0.8,70.6678,M,-16.713,M,,*47
$GPGSV,1,1,00,,,,,,,,,,,,,,,,*79
$BDGSV,5,1,19,147,36,197,42,156,20,165,41,150,42,213,41,153,49,320,41*64
$BDGSV,5,2,19,145,23,251,41,141,44,126,41,142,45,231,41,143,59,185,41*61
$BDGSV,5,3,19,144,31,112,41,148,51,342,41,160,52,026,41,178,55,006,41*67
$BDGSV,5,4,19,188,70,353,41,180,32,185,41,159,63,274,41,179,26,160,41*63
$BDGSV,5,5,19,169,79,184,41,170,24,147,41,175,35,317,42,,,,*69
$GPGGA,000220.00,2813.3397279,N,11259.4852369,E,1,19,0.8,70.6715,M,-16.713,M,,*42
$GPGSV,1,1,00,,,,,,,,,,,,,,,,*79
$BDGSV,5,1,19,147,36,197,41,156,20,165,41,150,42,213,41,153,49,320,41*67
$BDGSV,5,2,19,145,23,251,41,141,44,126,41,142,45,231,41,143,59,185,41*61
$BDGSV,5,3,19,144,31,112,41,148,51,342,41,160,52,026,41,178,55,006,41*67
$BDGSV,5,4,19,188,70,353,41,180,32,185,41,159,63,274,41,179,26,160,41*63
$BDGSV,5,5,19,169,79,184,41,170,24,147,41,175,35,317,41,,,,*6A
$GPGGA,000221.00,2813.3397265,N,11259.4852360,E,1,19,0.8,70.6820,M,-16.713,M,,*4E
$GPGSV,1,1,00,,,,,,,,,,,,,,,,*79
$BDGSV,5,1,19,147,36,197,41,156,20,165,41,150,42,213,41,153,49,320,41*67
$BDGSV,5,2,19,145,23,251,41,141,44,126,41,142,45,231,41,143,59,185,41*61
$BDGSV,5,3,19,144,31,112,41,148,51,342,41,160,52,026,41,178,55,006,41*67
$BDGSV,5,4,19,188,70,353,41,180,32,185,41,159,63,274,41,179,26,160,41*63
$BDGSV,5,5,19,169,79,184,41,170,24,147,41,175,35,317,41,,,,*6A
$GPGGA,000222.00,2813.3397259,N,11259.4852331,E,1,19,0.8,70.6862,M,-16.713,M,,*40
$GPGSV,1,1,00,,,,,,,,,,,,,,,,*79
$BDGSV,5,1,19,147,36,197,41,156,20,165,41,150,42,213,41,153,49,320,41*67
$BDGSV,5,2,19,145,23,251,41,141,44,126,41,142,45,231,41,143,59,185,41*61
$BDGSV,5,3,19,144,31,112,41,148,51,342,41,160,52,026,41,178,55,006,41*67
$BDGSV,5,4,19,188,70,353,41,180,32,185,41,159,63,274,42,179,26,160,41*60
$BDGSV,5,5,19,169,79,184,41,170,24,147,41,175,35,317,41,,,,*6A
$GPGGA,000223.00,2813.3397262,N,11259.4852338,E,1,19,0.8,70.6783,M,-16.713,M,,*40
$GPGSV,1,1,00,,,,,,,,,,,,,,,,*79
$BDGSV,5,1,19,147,36,197,41,156,20,165,41,150,42,213,42,153,49,320,41*64
$BDGSV,5,2,19,145,23,251,42,141,44,126,42,142,45,231,41,143,59,185,41*61
$BDGSV,5,3,19,144,31,112,41,148,51,342,41,160,52,026,41,178,55,006,41*67
$BDGSV,5,4,19,188,70,353,41,180,32,185,42,159,63,274,41,179,26,160,41*60
$BDGSV,5,5,19,169,79,184,41,170,24,147,41,175,35,317,42,,,,*69
$GPGGA,000224.00,2813.3397265,N,11259.4852343,E,1,19,0.8,70.6703,M,-16.713,M,,*44
$GPGSV,1,1,00,,,,,,,,,,,,,,,,*79
$BDGSV,5,1,19,147,36,197,41,156,20,165,41,150,42,213,41,153,49,320,41*67
$BDGSV,5,2,19,145,23,251,41,141,44,126,41,142,45,231,41,143,59,185,41*61
$BDGSV,5,3,19,144,31,112,41,148,51,342,41,160,52,026,41,178,55,006,41*67
$BDGSV,5,4,19,188,70,353,41,180,32,185,41,159,63,274,41,179,26,160,41*63
$BDGSV,5,5,19,169,79,184,41,170,24,147,41,175,35,317,41,,,,*6A
$GPGGA,000225.00,2813.3397265,N,11259.4852332,E,1,19,0.8,70.6692,M,-16.713,M,,*4A
$GPGSV,1,1,00,,,,,,,,,,,,,,,,*79
$BDGSV,5,1,19,147,36,197,41,156,20,165,41,150,42,213,41,153,49,320,41*67
$BDGSV,5,2,19,145,23,251,41,141,44,126,41,142,45,231,41,143,59,185,42*62
$BDGSV,5,3,19,144,31,112,41,148,51,342,41,160,52,026,41,178,55,006,41*67
$BDGSV,5,4,19,188,70,353,41,180,32,185,41,159,63,274,41,179,26,160,41*63
$BDGSV,5,5,19,169,79,184,41,170,24,147,41,175,35,317,41,,,,*6A
$GPGGA,000226.00,2813.3397269,N,11259.4852341,E,1,19,0.8,70.6600,M,-16.713,M,,*4A
$GPGSV,1,1,00,,,,,,,,,,,,,,,,*79
$BDGSV,5,1,19,147,36,197,41,156,20,165,41,150,42,213,41,153,49,320,41*67
$BDGSV,5,2,19,145,23,251,41,141,44,126,41,142,45,231,41,143,59,185,41*61
$BDGSV,5,3,19,144,31,112,41,148,51,342,41,160,52,026,41,178,55,006,41*67
$BDGSV,5,4,19,188,70,353,41,180,32,185,41,159,63,274,41,179,26,160,41*63
$BDGSV,5,5,19,169,79,184,41,170,24,147,41,175,35,317,41,,,,*6A
$GPGGA,000227.00,2813.3397263,N,11259.4852357,E,1,19,0.8,70.6533,M,-16.713,M,,*45
$GPGSV,1,1,00,,,,,,,,,,,,,,,,*79
$BDGSV,5,1,19,147,36,197,42,156,20,165,41,150,42,213,41,153,49,320,41*64
$BDGSV,5,2,19,145,23,251,41,141,44,126,41,142,45,231,42,143,59,185,41*62
$BDGSV,5,3,19,144,31,112,41,148,51,342,41,160,52,026,41,178,55,006,41*67
$BDGSV,5,4,19,188,70,353,42,180,32,185,42,159,63,274,41,179,26,160,42*60
$BDGSV,5,5,19,169,79,184,42,170,24,147,41,175,35,317,42,,,,*6A
$GPGGA,000228.00,2813.3397261,N,11259.4852375,E,1,19,0.8,70.6460,M,-16.713,M,,*4F
$GPGSV,1,1,00,,,,,,,,,,,,,,,,*79
$BDGSV,5,1,19,147,36,197,41,156,20,165,41,150,42,213,41,153,49,320,41*67
$BDGSV,5,2,19,145,23,251,41,141,44,126,41,142,45,231,41,143,59,185,41*61
$BDGSV,5,3,19,144,31,112,41,148,51,342,41,160,52,026,41,178,55,006,41*67
$BDGSV,5,4,19,188,70,353,41,180,32,185,41,159,63,274,41,179,26,160,41*63
$BDGSV,5,5,19,169,79,184,41,170,24,147,41,175,35,317,41,,,,*6A
$GPGGA,000229.00,2813.3397257,N,11259.4852381,E,1,19,0.8,70.6489,M,-16.713,M,,*47
$GPGSV,1,1,00,,,,,,,,,,,,,,,,*79
$BDGSV,5,1,19,147,36,197,41,156,20,165,41,150,42,213,41,153,49,320,41*67
$BDGSV,5,2,19,145,23,251,41,141,44,126,41,142,45,231,41,143,59,185,42*62
$BDGSV,5,3,19,144,31,112,41,148,51,342,42,160,52,026,41,178,55,006,41*64
$BDGSV,5,4,19,188,70,353,41,180,32,185,41,159,63,274,41,179,26,160,41*63
$BDGSV,5,5,19,169,79,184,41,170,24,147,41,175,35,317,41,,,,*6A
$GPGGA,000230.00,2813.3397255,N,11259.4852399,E,1,19,0.8,70.6446,M,-16.713,M,,*47
$GPGSV,1,1,00,,,,,,,,,,,,,,,,*79
$BDGSV,5,1,19,147,36,197,41,156,20,165,42,150,42,213,41,153,49,320,41*64
$BDGSV,5,2,19,145,23,251,41,141,44,126,42,142,45,231,41,143,59,185,42*61
$BDGSV,5,3,19,144,31,112,41,148,51,342,41,160,52,026,41,178,55,006,41*67
$BDGSV,5,4,19,188,70,353,41,180,32,185,42,159,63,274,41,179,26,160,41*60
$BDGSV,5,5,19,169,79,184,41,170,24,147,41,175,35,317,41,,,,*6A
$GPGGA,000231.00,2813.3397241,N,11259.4852412,E,1,19,0.8,70.6362,M,-16.713,M,,*46
$GPGSV,1,1,00,,,,,,,,,,,,,,,,*79
$BDGSV,5,1,19,147,36,197,41,156,20,165,41,150,42,213,41,153,49,320,41*67
$BDGSV,5,2,19,145,23,251,41,141,44,126,41,142,45,231,41,143,59,185,41*61
$BDGSV,5,3,19,144,31,112,41,148,51,342,41,160,52,026,42,178,55,006,41*64
$BDGSV,5,4,19,188,70,353,41,180,32,185,41,159,63,274,41,179,26,160,41*63
$BDGSV,5,5,19,169,79,184,41,170,24,147,41,175,35,317,41,,,,*6A
$GPGGA,000232.00,2813.3397252,N,11259.4852421,E,1,19,0.8,70.6268,M,-16.713,M,,*4C
$GPGSV,1,1,00,,,,,,,,,,,,,,,,*79
$BDGSV,5,1,19,147,36,197,41,156,20,165,41,150,42,213,41,153,49,320,41*67
$BDGSV,5,2,19,145,23,251,41,141,44,126,41,142,45,231,41,143,59,185,41*61
$BDGSV,5,3,19,144,31,112,41,148,51,342,41,160,52,026,41,178,55,006,41*67
$BDGSV,5,4,19,188,70,353,41,180,32,185,41,159,63,274,41,179,26,160,41*63
$BDGSV,5,5,19,169,78,184,41,170,24,147,41,175,35,317,41,,,,*6B
$GPGGA,000233.00,2813.3397264,N,11259.4852421,E,1,19,0.8,70.6152,M,-16.713,M,,*42
$GPGSV,1,1,00,,,,,,,,,,,,,,,,*79
$BDGSV,5,1,19,147,36,197,41,156,20,165,41,150,42,213,41,153,49,320,41*67
$BDGSV,5,2,19,145,23,251,41,141,44,126,41,142,45,231,41,143,59,185,41*61
$BDGSV,5,3,19,144,31,112,41,148,51,342,41,160,52,026,41,178,55,006,41*67
$BDGSV,5,4,19,188,70,353,41,180,32,185,41,159,63,275,41,179,26,160,41*62
$BDGSV,5,5,19,169,78,184,41,170,24,147,41,175,35,317,41,,,,*6B
$GPGGA,000234.00,2813.3397276,N,11259.4852444,E,1,19,0.8,70.6038,M,-16.713,M,,*48
$GPGSV,1,1,00,,,,,,,,,,,,,,,,*79
$BDGSV,5,1,19,147,36,197,41,156,20,165,41,150,42,213,41,153,49,320,41*67
$BDGSV,5,2,19,145,23,251,41,141,44,126,41,142,45,231,41,143,59,185,41*61
$BDGSV,5,3,19,144,31,112,41,148,51,342,41,160,52,026,41,178,55,006,41*67
$BDGSV,5,4,19,188,70,353,41,180,32,185,41,159,63,275,41,179,26,160,41*62
$BDGSV,5,5,19,169,78,184,41,170,24,147,41,175,35,317,41,,,,*6B
$GPGGA,000235.00,2813.3397274,N,11259.4852468,E,1,19,0.8,70.5945,M,-16.713,M,,*45
$GPGSV,1,1,00,,,,,,,,,,,,,,,,*79
$BDGSV,5,1,19,147,36,197,41,156,20,165,41,150,42,213,41,153,49,320,41*67
$BDGSV,5,2,19,145,23,251,41,141,44,126,41,142,45,231,41,143,59,185,41*61
$BDGSV,5,3,19,144,31,112,41,148,51,342,41,160,52,026,41,178,55,006,41*67
$BDGSV,5,4,19,188,70,353,41,180,32,185,41,159,63,275,41,179,26,160,41*62
$BDGSV,5,5,19,169,78,184,41,170,24,147,41,175,35,317,41,,,,*6B
$GPGGA,000236.00,2813.3397280,N,11259.4852470,E,1,19,0.8,70.5849,M,-16.713,M,,*49
$GPGSV,1,1,00,,,,,,,,,,,,,,,,*79
$BDGSV,5,1,19,147,36,197,41,156,20,165,41,150,42,213,41,153,49,320,41*67
$BDGSV,5,2,19,145,23,251,41,141,44,126,41,142,45,231,41,143,59,185,41*61
$BDGSV,5,3,19,144,31,112,41,148,51,342,41,160,52,026,41,178,55,006,41*67
$BDGSV,5,4,19,188,70,353,41,180,32,185,41,159,63,275,41,179,26,160,41*62
$BDGSV,5,5,19,169,78,184,41,170,24,147,41,175,35,317,41,,,,*6B
$GPGGA,000237.00,2813.3397294,N,11259.4852474,E,1,19,0.8,70.5771,M,-16.713,M,,*4D
$GPGSV,1,1,00,,,,,,,,,,,,,,,,*79
$BDGSV,5,1,19,147,36,197,41,156,20,165,41,150,42,213,41,153,49,320,41*67
$BDGSV,5,2,19,145,23,251,41,141,44,126,41,142,45,231,41,143,59,185,41*61
$BDGSV,5,3,19,144,31,112,41,148,51,342,41,160,52,026,41,178,55,006,41*67
$BDGSV,5,4,19,188,70,353,41,180,32,185,41,159,63,275,41,179,26,160,41*62
$BDGSV,5,5,19,169,78,184,41,170,24,147,41,175,35,317,41,,,,*6B
$GPGGA,000238.00,2813.3397299,N,11259.4852472,E,1,19,0.8,70.5660,M,-16.713,M,,*48
$GPGSV,1,1,00,,,,,,,,,,,,,,,,*79
$BDGSV,5,1,19,147,36,197,41,156,20,165,41,150,42,213,41,153,49,320,41*67
$BDGSV,5,2,19,145,23,251,42,141,44,126,41,142,45,231,41,143,59,185,41*62
$BDGSV,5,3,19,144,31,112,41,148,51,342,41,160,52,026,41,178,55,006,42*64
$BDGSV,5,4,19,188,70,353,41,180,32,185,41,159,63,275,41,179,27,160,42*60
$BDGSV,5,5,19,169,78,184,41,170,24,147,41,175,35,317,41,,,,*6B
$GPGGA,000239.00,2813.3397307,N,11259.4852466,E,1,19,0.8,70.5579,M,-16.713,M,,*41
$GPGSV,1,1,00,,,,,,,,,,,,,,,,*79
$BDGSV,5,1,19,147,36,197,41,156,20,165,41,150,42,213,41,153,49,320,41*67
$BDGSV,5,2,19,145,23,251,41,141,44,126,41,142,45,231,41,143,59,185,41*61
$BDGSV,5,3,19,144,31,112,42,148,51,342,41,160,52,026,41,178,55,006,41*64
$BDGSV,5,4,19,188,70,353,41,180,32,185,41,159,63,275,41,179,27,160,41*63
$BDGSV,5,5,19,169,78,184,41,170,24,147,41,175,35,317,41,,,,*6B
$GPGGA,000240.00,2813.3397311,N,11259.4852464,E,1,19,0.8,70.5581,M,-16.713,M,,*4D
$GPGSV,1,1,00,,,,,,,,,,,,,,,,*79
$BDGSV,5,1,19,147,36,197,41,156,20,165,41,150,42,213,41,153,49,320,41*67
$BDGSV,5,2,19,145,23,251,41,141,44,126,41,142,45,231,41,143,59,185,41*61
$BDGSV,5,3,19,144,31,112,41,148,51,342,41,160,52,026,41,178,55,006,41*67
$BDGSV,5,4,19,188,70,353,41,180,32,185,41,159,63,275,41,179,27,160,41*63
$BDGSV,5,5,19,169,78,183,41,170,24,147,41,175,35,317,41,,,,*6C
$GPGGA,000241.00,2813.3397311,N,11259.4852477,E,1,19,0.8,70.5514,M,-16.713,M,,*42
$GPGSV,1,1,00,,,,,,,,,,,,,,,,*79
$BDGSV,5,1,19,147,36,197,41,156,20,165,41,150,42,213,41,153,49,320,42*64
$BDGSV,5,2,19,145,23,251,42,141,44,126,41,142,45,231,42,143,59,185,41*61
$BDGSV,5,3,19,144,31,112,41,148,51,342,41,160,52,026,42,178,55,006,41*64
$BDGSV,5,4,19,188,70,353,41,180,32,185,41,159,63,275,41,179,27,160,41*63
$BDGSV,5,5,19,169,78,183,42,170,24,147,41,175,35,317,41,,,,*6F
$GPGGA,000242.00,2813.3397319,N,11259.4852474,E,1,19,0.8,70.5431,M,-16.713,M,,*4C
$GPGSV,1,1,00,,,,,,,,,,,,,,,,*79
$BDGSV,5,1,19,147,36,197,41,156,20,165,41,150,42,213,41,153,49,320,41*67
$BDGSV,5,2,19,145,23,251,41,141,44,126,41,142,45,231,41,143,59,185,41*61
$BDGSV,5,3,19,144,31,112,41,148,51,342,41,160,52,026,41,178,55,006,41*67
$BDGSV,5,4,19,188,70,353,41,180,32,185,41,159,63,275,41,179,27,160,41*63
$BDGSV,5,5,19,169,78,183,41,170,24,147,41,175,35,317,41,,,,*6C
$GPGGA,000243.00,2813.3397322,N,11259.4852472,E,1,19,0.8,70.5411,M,-16.713,M,,*41
$GPGSV,1,1,00,,,,,,,,,,,,,,,,*79
$BDGSV,5,1,19,147,36,197,41,156,20,165,41,150,42,213,41,153,49,320,41*67
$BDGSV,5,2,19,145,23,251,41,141,44,126,41,142,45,231,41,143,59,185,41*61
$BDGSV,5,3,19,144,31,112,41,148,51,342,41,160,52,026,41,178,55,006,41*67
$BDGSV,5,4,19,188,70,353,41,180,32,185,41,159,63,275,41,179,27,160,41*63
$BDGSV,5,5,19,169,78,183,41,170,24,147,41,175,35,317,41,,,,*6C
$GPGGA,000244.00,2813.3397323,N,11259.4852487,E,1,19,0.8,70.5407,M,-16.713,M,,*4A
$GPGSV,1,1,00,,,,,,,,,,,,,,,,*79
$BDGSV,5,1,19,147,36,197,41,156,20,165,41,150,42,213,41,153,49,320,41*67
$BDGSV,5,2,19,145,23,251,42,141,44,126,41,142,45,231,41,143,59,185,41*62
$BDGSV,5,3,19,144,31,112,41,148,51,342,41,160,52,026,41,178,55,006,41*67
$BDGSV,5,4,19,188,70,353,41,180,32,185,41,159,63,275,41,179,27,160,41*63
$BDGSV,5,5,19,169,78,183,41,170,24,147,41,175,35,317,41,,,,*6C
$GPGGA,000245.00,2813.3397329,N,11259.4852494,E,1,19,0.8,70.5380,M,-16.713,M,,*4B
$GPGSV,1,1,00,,,,,,,,,,,,,,,,*79
$BDGSV,5,1,19,147,36,197,41,156,20,165,41,150,41,213,41,153,49,320,41*64
$BDGSV,5,2,19,145,23,251,41,141,44,126,41,142,45,231,42,143,59,185,41*62
$BDGSV,5,3,19,144,31,112,41,148,51,342,41,160,52,026,41,178,55,006,41*67
$BDGSV,5,4,19,188,70,353,41,180,32,185,41,159,63,275,41,179,27,160,41*63
$BDGSV,5,5,19,169,78,183,41,170,24,147,41,175,35,317,41,,,,*6C
$GPGGA,000246.00,2813.3397327,N,11259.4852480,E,1,19,0.8,70.5419,M,-16.713,M,,*44
$GPGSV,1,1,00,,,,,,,,,,,,,,,,*79
$BDGSV,5,1,19,147,36,197,41,156,20,165,41,150,41,213,41,153,49,320,41*64
$BDGSV,5,2,19,145,23,251,41,141,44,126,41,142,45,231,41,143,59,185,41*61
$BDGSV,5,3,19,144,31,112,41,148,51,342,41,160,52,026,41,178,55,006,41*67
$BDGSV,5,4,19,188,70,353,41,180,32,185,41,159,63,275,41,179,27,160,41*63
$BDGSV,5,5,19,169,78,183,41,170,24,147,41,175,35,317,41,,,,*6C
$GPGGA,000247.00,2813.3397331,N,11259.4852477,E,1,19,0.8,70.5375,M,-16.713,M,,*47
$GPGSV,1,1,00,,,,,,,,,,,,,,,,*79
$BDGSV,5,1,19,147,36,197,41,156,20,165,41,150,41,213,41,153,49,320,41*64
$BDGSV,5,2,19,145,23,251,41,141,44,126,42,142,45,231,42,143,59,185,41*61
$BDGSV,5,3,19,144,31,112,41,148,51,342,41,160,52,026,41,178,55,006,41*67
$BDGSV,5,4,19,188,70,353,41,180,32,185,41,159,63,275,42,179,27,160,42*63
$BDGSV,5,5,19,169,78,183,41,170,24,147,41,175,35,317,41,,,,*6C
$GPGGA,000248.00,2813.3397327,N,11259.4852465,E,1,19,0.8,70.5440,M,-16.713,M,,*4D
$GPGSV,1,1,00,,,,,,,,,,,,,,,,*79
$BDGSV,5,1,19,147,36,197,41,156,20,165,41,150,41,213,41,153,49,320,41*64
$BDGSV,5,2,19,145,23,251,41,141,44,126,41,142,45,231,41,143,59,185,41*61
$BDGSV,5,3,19,144,31,112,41,148,51,342,41,160,52,026,41,178,55,006,41*67
$BDGSV,5,4,19,188,70,353,41,180,32,185,41,159,63,275,41,179,27,160,41*63
$BDGSV,5,5,19,169,78,183,41,170,24,147,41,175,35,317,41,,,,*6C
$GPGGA,000249.00,2813.3397329,N,11259.4852450,E,1,19,0.8,70.5502,M,-16.713,M,,*43
$GPGSV,1,1,00,,,,,,,,,,,,,,,,*79
$BDGSV,5,1,19,147,36,197,41,156,20,165,41,150,41,213,41,153,49,320,41*64
$BDGSV,5,2,19,145,23,251,41,141,44,126,41,142,45,231,41,143,59,185,41*61
$BDGSV,5,3,19,144,31,112,41,148,51,342,41,160,52,026,41,178,55,006,41*67
$BDGSV,5,4,19,188,70,353,41,180,32,185,41,159,63,275,41,179,27,160,41*63
$BDGSV,5,5,19,169,78,183,41,170,24,147,41,175,35,317,41,,,,*6C
$GPGGA,000250.00,2813.3397334,N,11259.4852438,E,1,19,0.8,70.5483,M,-16.713,M,,*41
$GPGSV,1,1,00,,,,,,,,,,,,,,,,*79
$BDGSV,5,1,19,147,36,197,41,156,20,165,41,150,41,213,41,153,49,320,41*64
$BDGSV,5,2,19,145,23,251,41,141,44,126,41,142,45,231,41,143,59,185,41*61
$BDGSV,5,3,19,144,31,112,41,148,51,342,41,160,52,026,41,178,55,006,41*67
$BDGSV,5,4,19,188,70,353,41,180,32,185,41,159,63,275,41,179,27,160,41*63
$BDGSV,5,5,19,169,78,183,41,170,24,147,41,175,36,317,41,,,,*6F
$GPGGA,000251.00,2813.3397338,N,11259.4852435,E,1,19,0.8,70.5465,M,-16.713,M,,*49
$GPGSV,1,1,00,,,,,,,,,,,,,,,,*79
$BDGSV,5,1,19,147,36,197,41,156,20,165,41,150,41,213,41,153,49,320,41*64
$BDGSV,5,2,19,145,23,251,41,141,44,126,41,142,45,231,41,143,59,185,42*62
$BDGSV,5,3,19,144,31,112,41,148,51,342,41,160,52,026,41,178,55,006,41*67
$BDGSV,5,4,19,188,70,353,41,180,32,185,41,159,63,275,41,179,27,160,41*63
$BDGSV,5,5,19,169,78,183,41,170,24,147,41,175,36,317,41,,,,*6F
$GPGGA,000252.00,2813.3397341,N,11259.4852420,E,1,19,0.8,70.5533,M,-16.713,M,,*42
$GPGSV,1,1,00,,,,,,,,,,,,,,,,*79
$BDGSV,5,1,19,147,36,197,41,156,20,165,41,150,41,213,41,153,49,320,41*64
$BDGSV,5,2,19,145,23,251,41,141,44,126,41,142,45,231,41,143,59,185,41*61
$BDGSV,5,3,19,144,31,112,41,148,51,342,41,160,52,026,41,178,55,006,41*67
$BDGSV,5,4,19,188,70,353,41,180,32,185,41,159,63,275,41,179,27,160,41*63
$BDGSV,5,5,19,169,78,183,41,170,24,147,41,175,36,317,41,,,,*6F
$GPGGA,000253.00,2813.3397347,N,11259.4852411,E,1,19,0.8,70.5542,M,-16.713,M,,*41
$GPGSV,1,1,00,,,,,,,,,,,,,,,,*79
$BDGSV,5,1,19,147,36,197,41,156,20,165,41,150,41,213,41,153,49,320,41*64
$BDGSV,5,2,19,145,23,251,41,141,44,126,41,142,45,231,41,143,59,185,41*61
$BDGSV,5,3,19,144,31,112,41,148,51,342,41,160,52,026,41,178,55,006,41*67
$BDGSV,5,4,19,188,70,353,41,180,32,185,41,159,63,275,41,179,27,160,41*63
$BDGSV,5,5,19,169,78,183,41,170,24,147,41,175,36,317,41,,,,*6F
$GPGGA,000254.00,2813.3397353,N,11259.4852402,E,1,19,0.8,70.5489,M,-16.713,M,,*47
$GPGSV,1,1,00,,,,,,,,,,,,,,,,*79
$BDGSV,5,1,19,147,36,197,41,156,20,165,41,150,41,213,41,153,49,320,42*67
$BDGSV,5,2,19,145,23,251,42,141,44,126,41,142,45,231,41,143,59,185,41*62
$BDGSV,5,3,19,144,31,112,41,148,51,342,41,160,52,026,41,178,55,006,41*67
$BDGSV,5,4,19,188,70,353,41,180,32,185,41,159,63,275,42,179,27,160,41*60
$BDGSV,5,5,19,169,78,183,41,170,24,147,41,175,36,317,41,,,,*6F
$GPGGA,000255.00,2813.3397357,N,11259.4852379,E,1,19,0.8,70.5500,M,-16.713,M,,*49
$GPGSV,1,1,00,,,,,,,,,,,,,,,,*79
$BDGSV,5,1,19,147,36,197,41,156,20,165,41,150,41,213,41,153,49,320,41*64
$BDGSV,5,2,19,145,23,251,41,141,44,126,41,142,45,231,41,143,59,185,41*61
$BDGSV,5,3,19,144,31,112,41,148,51,342,41,160,52,026,41,178,55,006,41*67
$BDGSV,5,4,19,188,70,353,41,180,32,185,41,159,63,275,41,179,27,160,41*63
$BDGSV,5,5,19,169,78,183,41,170,24,147,41,175,36,317,41,,,,*6F
$GPGGA,000256.00,2813.3397354,N,11259.4852368,E,1,19,0.8,70.5558,M,-16.713,M,,*44
$GPGSV,1,1,00,,,,,,,,,,,,,,,,*79
$BDGSV,5,1,19,147,36,197,41,156,20,165,41,150,41,213,41,153,49,320,41*64
$BDGSV,5,2,19,145,23,251,41,141,44,126,41,142,45,231,42,143,59,185,41*62
$BDGSV,5,3,19,144,31,112,41,148,51,342,41,160,52,026,41,178,55,006,41*67
$BDGSV,5,4,19,188,70,354,41,180,32,185,41,159,63,275,41,179,27,160,41*64
$BDGSV,5,5,19,169,78,183,41,170,24,147,41,175,36,317,41,,,,*6F
$GPGGA,000257.00,2813.3397346,N,11259.4852352,E,1,19,0.8,70.5640,M,-16.713,M,,*45
$GPGSV,1,1,00,,,,,,,,,,,,,,,,*79
$BDGSV,5,1,19,147,36,197,42,156,20,165,41,150,41,213,41,153,49,320,41*67
$BDGSV,5,2,19,145,23,251,42,141,44,126,41,142,45,231,41,143,59,185,41*62
$BDGSV,5,3,19,144,31,112,41,148,51,342,41,160,52,026,41,178,55,006,41*67
$BDGSV,5,4,19,188,70,354,41,180,32,185,41,159,63,275,41,179,27,160,41*64
$BDGSV,5,5,19,169,78,183,41,170,24,147,41,175,36,317,42,,,,*6C
$GPGGA,000258.00,2813.3397348,N,11259.4852352,E,1,19,0.8,70.5668,M,-16.713,M,,*4E
$GPGSV,1,1,00,,,,,,,,,,,,,,,,*79
$BDGSV,5,1,19,147,36,197,41,156,20,165,41,150,41,213,41,153,49,320,41*64
$BDGSV,5,2,19,145,23,251,41,141,44,126,41,142,45,231,41,143,59,185,41*61
$BDGSV,5,3,19,144,31,112,41,148,51,342,41,160,52,026,41,178,55,006,41*67
$BDGSV,5,4,19,188,70,354,41,180,32,185,41,159,63,275,41,179,27,160,41*64
$BDGSV,5,5,19,169,78,183,41,170,24,147,41,175,36,317,41,,,,*6F
$GPGGA,000259.00,2813.3397346,N,11259.4852332,E,1,19,0.8,70.5678,M,-16.713,M,,*46
$GPGSV,1,1,00,,,,,,,,,,,,,,,,*79
$BDGSV,5,1,19,147,36,197,41,156,20,165,42,150,41,213,41,153,49,320,41*67
$BDGSV,5,2,19,145,23,251,41,141,44,126,41,142,45,231,41,143,59,185,41*61
$BDGSV,5,3,19,144,31,112,41,148,51,342,41,160,52,026,41,178,55,006,41*67
$BDGSV,5,4,19,188,70,354,41,180,32,185,41,159,63,275,41,179,27,160,41*64
$BDGSV,5,5,19,169,78,183,41,170,24,147,41,175,36,317,41,,,,*6F
$GPGGA,000300.00,2813.3397333,N,11259.4852310,E,1,19,0.8,70.5756,M,-16.713,M,,*44
$GPGSV,1,1,00,,,,,,,,,,,,,,,,*79
$BDGSV,5,1,19,147,36,197,41,156,20,165,41,150,41,213,41,153,49,320,41*64
$BDGSV,5,2,19,145,23,251,41,141,44,126,41,142,45,231,41,143,59,185,41*61
$BDGSV,5,3,19,144,31,112,41,148,51,342,41,160,52,026,41,178,55,006,41*67
$BDGSV,5,4,19,188,69,354,41,180,32,185,41,159,63,275,41,179,27,160,41*6C
$BDGSV,5,5,19,169,78,183,41,170,24,147,41,175,36,317,41,,,,*6F
$GPGGA,000301.00,2813.3397338,N,11259.4852280,E,1,19,0.8,70.5748,M,-16.713,M,,*49
$GPGSV,1,1,00,,,,,,,,,,,,,,,,*79
$BDGSV,5,1,19,147,36,197,41,156,20,165,41,150,41,213,41,153,49,320,41*64
$BDGSV,5,2,19,145,23,251,42,141,44,126,41,142,45,231,41,143,59,185,41*62
$BDGSV,5,3,19,144,31,112,41,148,51,342,41,160,52,026,41,178,55,006,41*67
$BDGSV,5,4,19,188,69,354,41,180,32,185,41,159,63,275,41,179,27,160,41*6C
$BDGSV,5,5,19,169,78,183,41,170,23,147,41,175,36,317,42,,,,*6B
$GPGGA,000302.00,2813.3397341,N,11259.4852280,E,1,19,0.8,70.5795,M,-16.713,M,,*44
$GPGSV,1,1,00,,,,,,,,,,,,,,,,*79
$BDGSV,5,1,19,147,36,197,41,156,20,165,41,150,41,213,41,153,49,320,41*64
$BDGSV,5,2,19,145,23,251,41,141,44,126,41,142,45,231,41,143,59,185,41*61
$BDGSV,5,3,19,144,31,112,41,148,51,342,41,160,52,026,41,178,55,006,41*67
$BDGSV,5,4,19,188,69,354,41,180,32,185,41,159,63,275,41,179,27,160,41*6C
$BDGSV,5,5,19,169,78,183,41,170,23,147,41,175,36,317,41,,,,*68
$GPGGA,000303.00,2813.3397323,N,11259.4852288,E,1,20,0.7,70.5908,M,-16.713,M,,*46
$GPGSV,1,1,00,,,,,,,,,,,,,,,,*79
$BDGSV,5,1,20,147,36,197,41,156,20,165,41,150,41,213,41,153,49,320,41*6E
$BDGSV,5,2,20,145,23,251,41,141,44,126,42,142,45,231,41,143,59,185,42*6B
$BDGSV,5,3,20,144,31,112,41,148,51,342,41,160,52,026,42,178,55,006,41*6E
$BDGSV,5,4,20,188,69,354,41,180,32,185,41,159,63,275,41,179,27,160,41*66
$BDGSV,5,5,20,162,16,240,41,169,78,183,41,170,23,147,41,175,36,317,41*63
$GPGGA,000304.00,2813.3397311,N,11259.4852285,E,1,20,0.7,70.6032,M,-16.713,M,,*4E
$GPGSV,1,1,00,,,,,,,,,,,,,,,,*79
$BDGSV,5,1,20,147,36,197,41,156,20,165,41,150,41,213,41,153,49,320,41*6E
$BDGSV,5,2,20,145,23,251,41,141,44,126,41,142,45,231,41,143,59,185,41*6B
$BDGSV,5,3,20,144,31,112,41,148,51,342,41,160,52,026,41,178,55,006,41*6D
$BDGSV,5,4,20,188,69,354,41,180,32,185,41,159,63,275,41,179,27,160,41*66
$BDGSV,5,5,20,162,16,240,41,169,78,183,41,170,23,147,41,175,36,317,41*63
$GPGGA,000305.00,2813.3397308,N,11259.4852291,E,1,20,0.7,70.6054,M,-16.713,M,,*42
$GPGSV,1,1,00,,,,,,,,,,,,,,,,*79
$BDGSV,5,1,20,147,36,197,41,156,20,165,41,150,41,213,41,153,49,320,41*6E
$BDGSV,5,2,20,145,23,251,42,141,44,126,41,142,45,231,41,143,59,185,41*68
$BDGSV,5,3,20,144,31,112,41,148,51,342,41,160,52,026,41,178,55,006,41*6D
$BDGSV,5,4,20,188,69,354,41,180,32,185,41,159,64,275,41,179,27,160,41*61
$BDGSV,5,5,20,162,16,240,41,169,78,183,41,170,23,147,41,175,36,317,41*63
$GPGGA,000306.00,2813.3397305,N,11259.4852289,E,1,20,0.7,70.6089,M,-16.713,M,,*45
$GPGSV,1,1,00,,,,,,,,,,,,,,,,*79
$BDGSV,5,1,20,147,36,197,41,156,20,165,41,150,41,213,41,153,49,320,41*6E
$BDGSV,5,2,20,145,23,251,41,141,44,126,41,142,45,231,41,143,59,185,41*6B
$BDGSV,5,3,20,144,31,112,41,148,51,342,41,160,52,026,41,178,55,006,41*6D
$BDGSV,5,4,20,188,69,354,41,180,32,185,41,159,64,275,41,179,27,160,41*61
$BDGSV,5,5,20,162,16,240,41,169,78,183,41,170,23,147,41,175,36,317,41*63
$GPGGA,000307.00,2813.3397300,N,11259.4852290,E,1,20,0.7,70.6169,M,-16.713,M,,*46
$GPGSV,1,1,00,,,,,,,,,,,,,,,,*79
$BDGSV,5,1,20,147,36,197,41,156,20,165,41,150,41,213,41,153,49,320,41*6E
$BDGSV,5,2,20,145,23,251,41,141,44,126,41,142,45,231,41,143,59,185,41*6B
$BDGSV,5,3,20,144,31,112,41,148,51,342,41,160,52,026,41,178,55,007,41*6C
$BDGSV,5,4,20,188,69,354,41,180,32,185,41,159,64,275,41,179,27,160,41*61
$BDGSV,5,5,20,162,16,240,41,169,78,183,41,170,23,147,41,175,36,317,41*63
$GPGGA,000308.00,2813.3397305,N,11259.4852304,E,1,20,0.7,70.6188,M,-16.713,M,,*4F
$GPGSV,1,1,00,,,,,,,,,,,,,,,,*79
$BDGSV,5,1,20,147,36,197,41,156,20,165,41,150,41,213,41,153,49,320,41*6E
$BDGSV,5,2,20,145,23,251,41,141,44,126,41,142,45,231,41,143,59,185,41*6B
$BDGSV,5,3,20,144,31,112,41,148,51,342,41,160,52,026,41,178,55,007,41*6C
$BDGSV,5,4,20,188,69,354,42,180,32,185,41,159,64,275,41,179,27,160,41*62
$BDGSV,5,5,20,162,16,240,41,169,78,183,41,170,23,147,41,175,36,317,41*63
$GPGGA,000309.00,2813.3397306,N,11259.4852308,E,1,20,0.7,70.6311,M,-16.713,M,,*43
$GPGSV,1,1,00,,,,,,,,,,,,,,,,*79
$BDGSV,5,1,20,147,36,197,41,156,20,165,41,150,41,213,41,153,49,320,41*6E
$BDGSV,5,2,20,145,23,251,41,141,44,126,41,142,45,231,41,143,59,185,41*6B
$BDGSV,5,3,20,144,31,112,41,148,51,342,41,160,51,026,41,178,55,007,41*6F
$BDGSV,5,4,20,188,69,354,41,180,32,185,41,159,64,275,41,179,27,160,41*61
$BDGSV,5,5,20,162,16,240,41,169,78,183,41,170,23,147,41,175,36,317,41*63
$GPGGA,000310.00,2813.3397291,N,11259.4852306,E,1,20,0.7,70.6437,M,-16.713,M,,*49
$GPGSV,1,1,00,,,,,,,,,,,,,,,,*79
$BDGSV,5,1,20,147,36,197,41,156,20,165,41,150,41,213,41,153,49,320,41*6E
$BDGSV,5,2,20,145,23,251,41,141,44,126,41,142,45,231,42,143,59,185,41*68
$BDGSV,5,3,20,144,31,112,41,148,51,342,41,160,51,026,41,178,55,007,41*6F
$BDGSV,5,4,20,188,69,354,41,180,32,185,41,159,64,275,41,179,27,160,41*61
$BDGSV,5,5,20,162,16,240,42,169,78,183,41,170,23,147,41,175,36,317,41*60
$GPGGA,000311.00,2813.3397287,N,11259.4852314,E,1,20,0.7,70.6499,M,-16.713,M,,*48
$GPGSV,1,1,00,,,,,,,,,,,,,,,,*79
$BDGSV,5,1,20,147,36,197,40,156,20,165,41,150,41,213,41,153,49,320,41*6F
$BDGSV,5,2,20,145,23,251,42,141,44,126,41,142,45,231,41,143,59,185,41*68
$BDGSV,5,3,20,144,31,112,41,148,51,342,41,160,51,026,41,178,55,007,41*6F
$BDGSV,5,4,20,188,69,354,41,180,32,185,41,159,64,275,41,179,27,160,41*61
$BDGSV,5,5,20,162,16,240,41,169,78,183,41,170,23,147,41,175,36,317,41*63
$GPGGA,000312.00,2813.3397291,N,11259.4852326,E,1,20,0.7,70.6451,M,-16.713,M,,*49
$GPGSV,1,1,00,,,,,,,,,,,,,,,,*79
$BDGSV,5,1,20,147,36,197,41,156,20,165,41,150,41,213,41,153,49,320,41*6E
$BDGSV,5,2,20,145,23,251,41,141,44,126,41,142,45,231,41,143,59,185,41*6B
$BDGSV,5,3,20,144,31,112,41,148,51,342,41,160,51,026,41,178,55,007,41*6F
$BDGSV,5,4,20,188,69,354,41,180,32,185,40,159,64,275,41,179,27,160,41*60
$BDGSV,5,5,20,162,16,240,42,169,78,183,41,170,23,147,41,175,36,317,41*60
$GPGGA,000313.00,2813.3397288,N,11259.4852332,E,1,20,0.7,70.6516,M,-16.713,M,,*47
$GPGSV,1,1,00,,,,,,,,,,,,,,,,*79
$BDGSV,5,1,20,147,36,197,41,156,20,165,41,150,41,213,41,153,49,320,41*6E
$BDGSV,5,2,20,145,23,251,41,141,44,126,41,142,45,231,41,143,59,185,41*6B
$BDGSV,5,3,20,144,31,112,41,148,51,342,41,160,51,026,41,178,55,007,41*6F
$BDGSV,5,4,20,188,69,354,41,180,32,185,41,159,64,275,41,179,27,160,41*61
$BDGSV,5,5,20,162,16,240,41,169,78,183,41,170,23,147,41,175,36,317,41*63
$GPGGA,000314.00,2813.3397280,N,11259.4852339,E,1,20,0.7,70.6636,M,-16.713,M,,*42
$GPGSV,1,1,00,,,,,,,,,,,,,,,,*79
$BDGSV,5,1,20,147,36,197,41,156,20,165,41,150,41,213,41,153,49,320,41*6E
$BDGSV,5,2,20,145,23,251,41,141,44,126,41,142,45,231,41,143,59,185,41*6B
$BDGSV,5,3,20,144,31,112,41,148,51,342,41,160,51,026,41,178,55,007,41*6F
$BDGSV,5,4,20,188,69,354,41,180,32,185,41,159,64,275,41,179,27,160,41*61
$BDGSV,5,5,20,162,16,240,41,169,78,183,41,170,23,147,41,175,36,317,41*63
$GPGGA,000315.00,2813.3397286,N,11259.4852351,E,1,20,0.7,70.6624,M,-16.713,M,,*48
$GPGSV,1,1,00,,,,,,,,,,,,,,,,*79
$BDGSV,5,1,20,147,36,197,41,156,20,165,41,150,41,213,41,153,49,320,41*6E
$BDGSV,5,2,20,145,23,251,41,141,44,126,41,142,45,231,41,143,59,185,41*6B
$BDGSV,5,3,20,144,31,112,41,148,51,342,41,160,51,026,41,178,55,007,41*6F
$BDGSV,5,4,20,188,69,354,41,180,32,185,41,159,64,275,41,179,27,160,41*61
$BDGSV,5,5,20,162,16,240,41,169,78,183,41,170,23,147,41,175,36,317,41*63
$GPGGA,000316.00,2813.3397277,N,11259.4852361,E,1,20,0.7,70.6567,M,-16.713,M,,*42
$GPGSV,1,1,00,,,,,,,,,,,,,,,,*79
$BDGSV,5,1,20,147,36,197,41,156,20,165,42,150,41,213,41,153,49,320,41*6D
$BDGSV,5,2,20,145,23,251,41,141,44,126,41,142,45,231,41,143,59,185,41*6B
$BDGSV,5,3,20,144,31,112,41,148,51,342,41,160,51,026,41,178,55,007,41*6F
$BDGSV,5,4,20,188,69,354,41,180,32,185,41,159,64,275,42,179,27,160,41*62
$BDGSV,5,5,20,162,16,240,41,169,78,183,41,170,23,147,41,175,36,317,41*63
$GPGGA,000317.00,2813.3397281,N,11259.4852376,E,1,20,0.7,70.6488,M,-16.713,M,,*4C
$GPGSV,1,1,00,,,,,,,,,,,,,,,,*79
$BDGSV,5,1,20,147,36,197,41,156,20,165,41,150,41,213,41,153,49,320,41*6E
$BDGSV,5,2,20,145,23,251,41,141,44,126,41,142,45,231,41,143,59,185,41*6B
$BDGSV,5,3,20,144,31,112,41,148,51,342,41,160,51,026,41,178,55,007,41*6F
$BDGSV,5,4,20,188,69,354,41,180,32,185,41,159,64,275,41,179,27,160,41*61
$BDGSV,5,5,20,162,16,240,41,169,78,183,41,170,23,147,41,175,36,317,41*63
$GPGGA,000318.00,2813.3397268,N,11259.4852374,E,1,20,0.7,70.6940,M,-16.713,M,,*4F
$GPGSV,1,1,00,,,,,,,,,,,,,,,,*79
$BDGSV,5,1,20,147,36,197,41,156,20,165,41,150,41,213,41,153,49,320,41*6E
$BDGSV,5,2,20,145,23,251,41,141,44,126,41,142,45,231,41,143,59,185,41*6B
$BDGSV,5,3,20,144,31,112,41,148,51,342,41,160,51,026,41,178,55,007,41*6F
$BDGSV,5,4,20,188,69,354,41,180,32,185,41,159,64,275,41,179,27,160,41*61
$BDGSV,5,5,20,162,16,240,41,169,78,183,41,170,23,147,41,175,36,317,41*63
$GPGGA,000319.00,2813.3397271,N,11259.4852378,E,1,20,0.7,70.7054,M,-16.713,M,,*47
$GPGSV,1,1,00,,,,,,,,,,,,,,,,*79
$BDGSV,6,1,21,146,16,174,41,147,36,197,41,156,20,165,41,150,41,213,41*61
$BDGSV,6,2,21,153,49,320,41,145,23,251,41,141,44,126,41,142,45,231,41*64
$BDGSV,6,3,21,143,59,185,41,144,31,112,41,148,51,342,41,160,51,026,41*62
$BDGSV,6,4,21,178,55,007,41,188,69,354,41,180,32,185,41,159,64,275,41*67
$BDGSV,6,5,21,179,27,160,41,162,16,240,41,169,78,183,41,170,23,147,41*6F
$BDGSV,6,6,21,175,36,317,41,,,,,,,,,,,,*6D
$GPGGA,000320.00,2813.3397269,N,11259.4852386,E,1,20,0.7,70.7109,M,-16.713,M,,*4C
$GPGSV,1,1,00,,,,,,,,,,,,,,,,*79
$BDGSV,6,1,21,146,16,174,41,147,36,197,41,156,20,165,42,150,41,213,41*62
$BDGSV,6,2,21,153,49,320,41,145,23,251,41,141,44,126,41,142,45,231,41*64
$BDGSV,6,3,21,143,59,185,41,144,31,112,41,148,51,342,42,160,51,026,41*61
$BDGSV,6,4,21,178,55,007,41,188,69,354,41,180,32,185,41,159,64,275,41*67
$BDGSV,6,5,21,179,27,160,42,162,16,240,42,169,78,183,41,170,23,147,41*6F
$BDGSV,6,6,21,175,36,317,41,,,,,,,,,,,,*6D
$GPGGA,000321.00,2813.3397257,N,11259.4852397,E,1,20,0.7,70.7216,M,-16.713,M,,*4D
$GPGSV,1,1,00,,,,,,,,,,,,,,,,*79
$BDGSV,6,1,21,146,16,174,42,147,36,197,41,156,20,165,41,150,41,213,41*62
$BDGSV,6,2,21,153,49,320,41,145,23,251,41,141,44,126,41,142,45,231,41*64
$BDGSV,6,3,21,143,59,185,41,144,31,112,41,148,51,342,41,160,51,026,41*62
$BDGSV,6,4,21,178,55,007,41,188,69,354,41,180,32,185,41,159,64,275,41*67
$BDGSV,6,5,21,179,27,160,41,162,16,240,41,169,78,183,41,170,23,147,41*6F
$BDGSV,6,6,21,175,36,317,41,,,,,,,,,,,,*6D
$GPGGA,000322.00,2813.3397238,N,11259.4852403,E,1,20,0.7,70.7355,M,-16.713,M,,*4B
$GPGSV,1,1,00,,,,,,,,,,,,,,,,*79
$BDGSV,6,1,21,146,16,174,41,147,36,197,41,156,20,165,41,150,41,213,41*61
$BDGSV,6,2,21,153,49,320,42,145,23,251,41,141,44,126,41,142,45,231,41*67
$BDGSV,6,3,21,143,59,185,41,144,31,112,41,148,51,342,41,160,51,026,41*62
$BDGSV,6,4,21,178,55,007,41,188,69,354,41,180,32,185,41,159,64,275,42*64
$BDGSV,6,5,21,179,27,160,41,162,16,240,41,169,78,183,41,170,23,147,41*6F
$BDGSV,6,6,21,175,36,317,41,,,,,,,,,,,,*6D
$GPGGA,000323.00,2813.3397237,N,11259.4852404,E,1,20,0.7,70.7453,M,-16.713,M,,*43
$GPGSV,1,1,00,,,,,,,,,,,,,,,,*79
$BDGSV,6,1,21,146,16,174,41,147,36,197,41,156,20,165,41,150,41,213,41*61
$BDGSV,6,2,21,153,49,320,41,145,23,251,41,141,44,126,41,142,45,231,41*64
$BDGSV,6,3,21,143,59,185,41,144,31,112,41,148,51,342,41,160,51,026,41*62
$BDGSV,6,4,21,178,55,007,41,188,69,354,41,180,32,185,41,159,64,275,41*67
$BDGSV,6,5,21,179,27,160,41,162,16,240,41,169,78,183,41,170,23,147,41*6F
$BDGSV,6,6,21,175,36,317,41,,,,,,,,,,,,*6D
$GPGGA,000324.00,2813.3397228,N,11259.4852414,E,1,20,0.7,70.7506,M,-16.713,M,,*4A
$GPGSV,1,1,00,,,,,,,,,,,,,,,,*79
$BDGSV,6,1,21,146,16,174,41,147,36,197,41,156,20,165,41,150,41,213,42*62
$BDGSV,6,2,21,153,49,320,42,145,23,251,41,141,44,126,41,142,45,231,41*67
$BDGSV,6,3,21,143,59,185,42,144,31,112,41,148,51,342,41,160,51,026,42*62
$BDGSV,6,4,21,178,55,007,41,188,69,354,41,180,32,185,41,159,64,275,42*64
$BDGSV,6,5,21,179,27,160,41,162,16,240,41,169,78,183,41,170,23,147,41*6F
$BDGSV,6,6,21,175,36,317,41,,,,,,,,,,,,*6D
$GPGGA,000325.00,2813.3397220,N,11259.4852413,E,1,20,0.7,70.7613,M,-16.713,M,,*43
$GPGSV,1,1,00,,,,,,,,,,,,,,,,*79
$BDGSV,6,1,21,146,16,174,41,147,36,197,41,156,20,165,41,150,41,213,41*61
$BDGSV,6,2,21,153,49,320,41,145,23,251,41,141,44,126,41,142,45,231,41*64
$BDGSV,6,3,21,143,59,185,41,144,31,112,41,148,51,342,41,160,51,026,41*62
$BDGSV,6,4,21,178,55,007,41,188,69,354,41,180,32,185,41,159,64,275,41*67
$BDGSV,6,5,21,179,27,160,41,162,16,240,41,169,78,183,41,170,23,147,41*6F
$BDGSV,6,6,21,175,36,317,41,,,,,,,,,,,,*6D
$GPGGA,000326.00,2813.3397207,N,11259.4852411,E,1,20,0.7,70.7791,M,-16.713,M,,*4C
$GPGSV,1,1,00,,,,,,,,,,,,,,,,*79
$BDGSV,6,1,21,146,16,174,41,147,36,197,41,156,20,165,41,150,41,213,41*61
$BDGSV,6,2,21,153,49,320,41,145,23,251,42,141,44,126,41,142,45,231,41*67
$BDGSV,6,3,21,143,59,185,41,144,31,112,41,148,51,342,41,160,51,026,41*62
$BDGSV,6,4,21,178,55,007,41,188,69,354,41,180,32,185,41,159,64,275,41*67
$BDGSV,6,5,21,179,27,160,41,162,16,240,41,169,78,183,41,170,23,147,41*6F
$BDGSV,6,6,21,175,36,317,41,,,,,,,,,,,,*6D
$GPGGA,000327.00,2813.3397204,N,11259.4852419,E,1,20,0.7,70.7858,M,-16.713,M,,*4C
$GPGSV,1,1,00,,,,,,,,,,,,,,,,*79
$BDGSV,6,1,21,146,16,174,41,147,36,197,41,156,20,165,42,150,41,213,41*62
$BDGSV,6,2,21,153,49,320,41,145,23,251,42,141,44,126,41,142,45,231,41*67
$BDGSV,6,3,21,143,59,185,41,144,31,112,41,148,51,342,41,160,51,026,41*62
$BDGSV,6,4,21,178,55,007,41,188,69,354,42,180,32,185,41,159,64,275,41*64
$BDGSV,6,5,21,179,27,160,41,162,16,240,41,169,78,183,41,170,23,147,41*6F
$BDGSV,6,6,21,175,36,317,42,,,,,,,,,,,,*6E
$GPGGA,000328.00,2813.3397199,N,11259.4852435,E,1,20,0.7,70.7796,M,-16.713,M,,*47
$GPGSV,1,1,00,,,,,,,,,,,,,,,,*79
$BDGSV,6,1,21,146,16,174,41,147,36,197,41,156,20,165,41,150,41,213,41*61
$BDGSV,6,2,21,153,49,320,41,145,23,251,41,141,44,126,41,142,45,231,41*64
$BDGSV,6,3,21,143,59,185,41,144,31,112,41,148,51,342,42,160,51,026,41*61
$BDGSV,6,4,21,178,55,007,41,188,69,354,41,180,32,185,42,159,64,275,41*64
$BDGSV,6,5,21,179,27,160,41,162,16,240,42,169,78,183,41,170,23,147,41*6C
$BDGSV,6,6,21,175,36,317,41,,,,,,,,,,,,*6D
$GPGGA,000329.00,2813.3397209,N,11259.4852447,E,1,20,0.7,70.7766,M,-16.713,M,,*46
$GPGSV,1,1,00,,,,,,,,,,,,,,,,*79
$BDGSV,6,1,21,146,16,174,41,147,36,197,41,156,20,165,41,150,41,213,41*61
$BDGSV,6,2,21,153,49,320,41,145,23,251,41,141,44,126,41,142,45,231,41*64
$BDGSV,6,3,21,143,59,185,41,144,31,112,41,148,51,342,41,160,51,026,41*62
$BDGSV,6,4,21,178,55,007,41,188,69,354,41,180,32,185,41,159,64,275,41*67
$BDGSV,6,5,21,179,27,160,41,162,16,240,41,169,78,183,41,170,23,147,41*6F
$BDGSV,6,6,21,175,36,317,41,,,,,,,,,,,,*6D
$GPGGA,000330.00,2813.3397212,N,11259.4852445,E,1,20,0.7,70.7829,M,-16.713,M,,*42
$GPGSV,1,1,00,,,,,,,,,,,,,,,,*79
$BDGSV,6,1,21,146,16,174,41,147,36,197,41,156,20,165,41,150,41,213,41*61
$BDGSV,6,2,21,153,49,320,41,145,23,251,41,141,44,126,41,142,45,231,41*64
$BDGSV,6,3,21,143,59,185,42,144,31,112,41,148,51,342,41,160,51,026,41*61
$BDGSV,6,4,21,178,55,007,41,188,69,354,41,180,32,185,41,159,64,275,41*67
$BDGSV,6,5,21,179,27,160,41,162,16,240,41,169,78,183,41,170,23,147,41*6F
$BDGSV,6,6,21,175,36,317,41,,,,,,,,,,,,*6D
$GPGGA,000331.00,2813.3397222,N,11259.4852451,E,1,20,0.7,70.7785,M,-16.713,M,,*4C
$GPGSV,1,1,00,,,,,,,,,,,,,,,,*79
$BDGSV,6,1,21,146,16,174,41,147,36,197,41,156,20,165,41,150,41,213,41*61
$BDGSV,6,2,21,153,49,320,41,145,23,251,41,141,44,126,41,142,45,231,41*64
$BDGSV,6,3,21,143,59,185,41,144,31,112,41,148,51,342,41,160,51,026,41*62
$BDGSV,6,4,21,178,55,007,41,188,69,354,41,180,32,185,41,159,64,275,41*67
$BDGSV,6,5,21,179,27,160,41,162,16,240,41,169,78,183,41,170,23,147,42*6C
$BDGSV,6,6,21,175,36,317,41,,,,,,,,,,,,*6D
$GPGGA,000332.00,2813.3397216,N,11259.4852457,E,1,20,0.7,70.7747,M,-16.713,M,,*40
$GPGSV,1,1,00,,,,,,,,,,,,,,,,*79
$BDGSV,6,1,21,146,16,174,41,147,36,197,41,156,21,165,42,150,41,213,41*63
$BDGSV,6,2,21,153,49,320,41,145,23,251,42,141,44,126,42,142,45,231,41*64
$BDGSV,6,3,21,143,59,185,42,144,31,112,42,148,51,342,41,160,51,026,41*62
$BDGSV,6,4,21,178,55,007,41,188,69,354,41,180,32,185,42,159,64,275,41*64
$BDGSV,6,5,21,179,27,160,41,162,16,240,41,169,78,183,41,170,23,147,41*6F
$BDGSV,6,6,21,175,36,317,41,,,,,,,,,,,,*6D
$GPGGA,000333.00,2813.3397212,N,11259.4852469,E,1,20,0.7,70.7799,M,-16.713,M,,*4B
$GPGSV,1,1,00,,,,,,,,,,,,,,,,*79
$BDGSV,6,1,21,146,16,174,41,147,36,197,41,156,21,165,41,150,41,213,41*60
$BDGSV,6,2,21,153,49,320,41,145,23,251,41,141,44,126,41,142,45,231,41*64
$BDGSV,6,3,21,143,59,185,41,144,31,112,41,148,51,342,41,160,51,026,41*62
$BDGSV,6,4,21,178,55,007,41,188,69,354,41,180,32,185,41,159,64,276,41*64
$BDGSV,6,5,21,179,27,160,41,162,16,240,41,169,78,183,41,170,23,147,41*6F
$BDGSV,6,6,21,175,36,316,41,,,,,,,,,,,,*6C
$GPGGA,000334.00,2813.3397210,N,11259.4852469,E,1,20,0.7,70.7926,M,-16.713,M,,*44
$GPGSV,1,1,00,,,,,,,,,,,,,,,,*79
$BDGSV,6,1,21,146,16,174,41,147,36,197,41,156,21,165,41,150,41,213,41*60
$BDGSV,6,2,21,153,49,320,41,145,23,251,41,141,44,126,41,142,45,231,41*64
$BDGSV,6,3,21,143,59,185,41,144,31,112,41,148,51,342,41,160,51,026,41*62
$BDGSV,6,4,21,178,55,007,41,188,69,354,41,180,32,185,41,159,64,276,41*64
$BDGSV,6,5,21,179,27,160,41,162,16,240,41,169,78,183,41,170,23,147,41*6F
$BDGSV,6,6,21,175,36,316,41,,,,,,,,,,,,*6C
$GPGGA,000335.00,2813.3397217,N,11259.4852486,E,1,20,0.7,70.7969,M,-16.713,M,,*48
$GPGSV,1,1,00,,,,,,,,,,,,,,,,*79
$BDGSV,6,1,21,146,16,174,41,147,36,197,41,156,21,165,41,150,41,213,41*60
$BDGSV,6,2,21,153,49,320,41,145,23,251,41,141,44,126,41,142,45,231,41*64
$BDGSV,6,3,21,143,59,185,41,144,31,112,41,148,51,342,41,160,51,026,41*62
$BDGSV,6,4,21,178,55,007,41,188,69,354,41,180,32,185,41,159,64,276,41*64
$BDGSV,6,5,21,179,27,160,41,162,16,240,41,169,78,183,41,170,23,147,41*6F
$BDGSV,6,6,21,175,36,316,41,,,,,,,,,,,,*6C
$GPGGA,000336.00,2813.3397221,N,11259.4852507,E,1,20,0.7,70.7918,M,-16.713,M,,*40
$GPGSV,1,1,00,,,,,,,,,,,,,,,,*79
$BDGSV,6,1,21,146,16,174,41,147,36,197,41,156,21,165,41,150,41,212,42*62
$BDGSV,6,2,21,153,49,320,41,145,23,251,41,141,44,126,41,142,45,231,41*64
$BDGSV,6,3,21,143,59,185,41,144,31,112,41,148,51,342,41,160,51,026,41*62
$BDGSV,6,4,21,178,55,007,42,188,69,354,41,180,32,185,41,159,64,276,42*64
$BDGSV,6,5,21,179,27,160,41,162,16,240,41,169,78,183,41,170,23,147,41*6F
$BDGSV,6,6,21,175,36,316,41,,,,,,,,,,,,*6C
$GPGGA,000337.00,2813.3397224,N,11259.4852542,E,1,20,0.7,70.7998,M,-16.713,M,,*4D
$GPGSV,1,1,00,,,,,,,,,,,,,,,,*79
$BDGSV,6,1,21,146,16,174,41,147,36,197,41,156,21,165,41,150,41,212,41*61
$BDGSV,6,2,21,153,49,320,41,145,23,251,41,141,44,126,41,142,45,231,41*64
$BDGSV,6,3,21,143,59,185,41,144,31,112,41,148,51,342,41,160,51,026,41*62
$BDGSV,6,4,21,178,55,007,41,188,69,354,41,180,32,185,41,159,64,276,41*64
$BDGSV,6,5,21,179,27,160,42,162,16,240,41,169,78,183,41,170,23,147,41*6C
$BDGSV,6,6,21,175,36,316,41,,,,,,,,,,,,*6C
$GPGGA,000338.00,2813.3397219,N,11259.4852558,E,1,20,0.7,70.8167,M,-16.713,M,,*40
$GPGSV,1,1,00,,,,,,,,,,,,,,,,*79
$BDGSV,6,1,21,146,16,174,41,147,36,197,41,156,21,165,41,150,41,212,41*61
$BDGSV,6,2,21,153,49,320,41,145,23,251,41,141,44,126,41,142,45,231,41*64
$BDGSV,6,3,21,143,59,185,42,144,31,112,41,148,51,342,41,160,51,026,41*61
$BDGSV,6,4,21,178,55,007,41,188,69,354,41,180,32,185,41,159,64,276,41*64
$BDGSV,6,5,21,179,27,160,41,162,16,240,41,169,78,183,41,170,23,147,41*6F
$BDGSV,6,6,21,175,36,316,41,,,,,,,,,,,,*6C
$GPGGA,000339.00,2813.3397216,N,11259.4852567,E,1,20,0.7,70.8249,M,-16.713,M,,*4D
$GPGSV,1,1,00,,,,,,,,,,,,,,,,*79
$BDGSV,6,1,21,146,16,174,41,147,36,197,41,156,21,165,41,150,41,212,41*61
$BDGSV,6,2,21,153,49,320,41,145,23,251,41,141,44,126,41,142,45,231,41*64
$BDGSV,6,3,21,143,59,185,41,144,31,112,41,148,51,342,41,160,51,026,41*62
$BDGSV,6,4,21,178,55,007,41,188,69,354,41,180,32,185,41,159,64,276,41*64
$BDGSV,6,5,21,179,27,160,41,162,16,240,41,169,78,183,41,170,23,147,41*6F
$BDGSV,6,6,21,175,36,316,41,,,,,,,,,,,,*6C
$GPGGA,000340.00,2813.3397233,N,11259.4852597,E,1,20,0.7,70.8394,M,-16.713,M,,*4A
$GPGSV,1,1,00,,,,,,,,,,,,,,,,*79
$BDGSV,6,1,21,146,16,174,42,147,36,197,41,156,21,165,41,150,41,212,41*62
$BDGSV,6,2,21,153,49,320,41,145,23,251,41,141,44,126,42,142,45,231,41*67
$BDGSV,6,3,21,143,59,185,41,144,31,112,41,148,51,342,42,160,51,026,41*61
$BDGSV,6,4,21,178,55,007,41,188,69,354,41,180,32,185,41,159,64,276,41*64
$BDGSV,6,5,21,179,27,160,41,162,16,240,41,169,78,183,41,170,23,147,41*6F
$BDGSV,6,6,21,175,36,316,41,,,,,,,,,,,,*6C
$GPGGA,000341.00,2813.3397230,N,11259.4852592,E,1,20,0.7,70.8500,M,-16.713,M,,*46
$GPGSV,1,1,00,,,,,,,,,,,,,,,,*79
$BDGSV,6,1,21,146,16,174,41,147,36,197,41,156,21,165,41,150,41,212,41*61
$BDGSV,6,2,21,153,49,320,41,145,23,251,41,141,44,126,41,142,45,231,41*64
$BDGSV,6,3,21,143,59,185,41,144,31,112,41,148,51,342,41,160,51,026,41*62
$BDGSV,6,4,21,178,55,007,41,188,69,354,41,180,32,185,41,159,64,276,41*64
$BDGSV,6,5,21,179,27,160,41,162,16,240,42,169,78,183,41,170,23,147,41*6C
$BDGSV,6,6,21,175,36,316,41,,,,,,,,,,,,*6C
$GPGGA,000342.00,2813.3397220,N,11259.4852584,E,1,20,0.7,70.8687,M,-16.713,M,,*4F
$GPGSV,1,1,00,,,,,,,,,,,,,,,,*79
$BDGSV,6,1,21,146,16,174,41,147,36,197,41,156,21,165,41,150,41,212,41*61
$BDGSV,6,2,21,153,49,320,41,145,23,251,41,141,44,126,41,142,45,231,41*64
$BDGSV,6,3,21,143,59,185,41,144,31,112,41,148,51,342,41,160,51,026,41*62
$BDGSV,6,4,21,178,55,007,41,188,69,354,41,180,32,185,41,159,64,276,41*64
$BDGSV,6,5,21,179,27,160,41,162,16,240,41,169,78,183,41,170,23,147,42*6C
$BDGSV,6,6,21,175,36,316,41,,,,,,,,,,,,*6C
$GPGGA,000343.00,2813.3397220,N,11259.4852584,E,1,20,0.7,70.8753,M,-16.713,M,,*46
$GPGSV,1,1,00,,,,,,,,,,,,,,,,*79
$BDGSV,6,1,21,146,16,174,41,147,36,197,41,156,21,165,41,150,41,212,41*61
$BDGSV,6,2,21,153,49,320,41,145,23,251,41,141,44,126,41,142,45,231,41*64
$BDGSV,6,3,21,143,59,185,41,144,31,112,41,148,51,342,41,160,51,026,41*62
$BDGSV,6,4,21,178,55,007,41,188,69,354,41,180,32,185,41,159,64,276,41*64
$BDGSV,6,5,21,179,27,160,41,162,16,240,41,169,78,183,41,170,23,147,41*6F
$BDGSV,6,6,21,175,36,316,41,,,,,,,,,,,,*6C
